MEME version 4

ALPHABET= ACGU

strands: +

Background letter frequencies
A 0.25 C 0.25 G 0.25 U 0.25

MOTIF model_5_filter_000 model_5_filter_000
letter-probability matrix: alength= 4 w= 13 nsites= 100
0.290000 0.280000 0.030000 0.400000 
0.000000 0.000000 0.000000 1.000000 
0.550000 0.000000 0.230000 0.220000 
0.030000 0.000000 0.950000 0.020000 
0.000000 0.670000 0.000000 0.330000 
0.410000 0.010000 0.000000 0.580000 
0.000000 0.000000 0.000000 1.000000 
0.830000 0.170000 0.000000 0.000000 
0.180000 0.000000 0.820000 0.000000 
0.150000 0.590000 0.200000 0.060000 
0.320000 0.000000 0.420000 0.260000 
0.140000 0.010000 0.510000 0.340000 
0.440000 0.170000 0.250000 0.140000 

MOTIF model_5_filter_001 model_5_filter_001
letter-probability matrix: alength= 4 w= 13 nsites= 100
0.290000 0.030000 0.030000 0.650000 
0.480000 0.150000 0.070000 0.300000 
1.000000 0.000000 0.000000 0.000000 
0.210000 0.030000 0.000000 0.760000 
0.170000 0.240000 0.430000 0.160000 
1.000000 0.000000 0.000000 0.000000 
0.000000 0.000000 0.000000 1.000000 
0.000000 0.000000 1.000000 0.000000 
0.880000 0.120000 0.000000 0.000000 
0.160000 0.000000 0.060000 0.780000 
0.000000 0.090000 0.770000 0.140000 
0.200000 0.350000 0.020000 0.430000 
0.340000 0.200000 0.190000 0.270000 

MOTIF model_5_filter_002 model_5_filter_002
letter-probability matrix: alength= 4 w= 13 nsites= 101
0.079208 0.257426 0.049505 0.613861 
0.178218 0.039604 0.495050 0.287129 
0.435644 0.089109 0.267327 0.207921 
0.495050 0.009901 0.128713 0.366337 
0.000000 0.000000 0.000000 1.000000 
0.049505 0.950495 0.000000 0.000000 
0.000000 0.247525 0.000000 0.752475 
0.000000 0.000000 1.000000 0.000000 
0.000000 0.980198 0.000000 0.019802 
0.079208 0.346535 0.000000 0.574257 
0.148515 0.039604 0.801980 0.009901 
0.049505 0.049505 0.891089 0.009901 
0.128713 0.158416 0.277228 0.435644 

MOTIF model_5_filter_003 model_5_filter_003
letter-probability matrix: alength= 4 w= 13 nsites= 100
0.070000 0.080000 0.370000 0.480000 
0.120000 0.390000 0.080000 0.410000 
0.340000 0.050000 0.450000 0.160000 
0.020000 0.000000 0.930000 0.050000 
0.980000 0.020000 0.000000 0.000000 
0.170000 0.190000 0.000000 0.640000 
0.030000 0.970000 0.000000 0.000000 
0.780000 0.000000 0.220000 0.000000 
0.020000 0.040000 0.940000 0.000000 
0.820000 0.010000 0.170000 0.000000 
0.100000 0.720000 0.140000 0.040000 
0.340000 0.030000 0.040000 0.590000 
0.380000 0.430000 0.100000 0.090000 

MOTIF model_5_filter_004 model_5_filter_004
letter-probability matrix: alength= 4 w= 13 nsites= 100
0.220000 0.150000 0.490000 0.140000 
0.510000 0.030000 0.010000 0.450000 
0.270000 0.460000 0.060000 0.210000 
0.790000 0.190000 0.020000 0.000000 
0.000000 0.000000 0.000000 1.000000 
0.000000 0.000000 1.000000 0.000000 
0.810000 0.140000 0.050000 0.000000 
0.000000 0.000000 0.000000 1.000000 
0.000000 0.000000 1.000000 0.000000 
0.090000 0.030000 0.450000 0.430000 
0.220000 0.490000 0.250000 0.040000 
0.290000 0.290000 0.190000 0.230000 
0.090000 0.140000 0.540000 0.230000 

MOTIF model_5_filter_005 model_5_filter_005
letter-probability matrix: alength= 4 w= 13 nsites= 100
0.420000 0.260000 0.210000 0.110000 
0.210000 0.070000 0.100000 0.620000 
0.020000 0.480000 0.140000 0.360000 
0.240000 0.110000 0.350000 0.300000 
0.150000 0.000000 0.590000 0.260000 
0.000000 0.540000 0.210000 0.250000 
0.950000 0.000000 0.020000 0.030000 
1.000000 0.000000 0.000000 0.000000 
0.000000 0.000000 0.000000 1.000000 
0.000000 0.000000 1.000000 0.000000 
0.000000 0.000000 0.000000 1.000000 
0.290000 0.200000 0.070000 0.440000 
0.290000 0.080000 0.110000 0.520000 

MOTIF model_5_filter_006 model_5_filter_006
letter-probability matrix: alength= 4 w= 13 nsites= 100
0.200000 0.240000 0.070000 0.490000 
0.080000 0.290000 0.590000 0.040000 
0.970000 0.000000 0.000000 0.030000 
0.000000 0.220000 0.400000 0.380000 
0.000000 0.080000 0.000000 0.920000 
0.000000 0.000000 0.000000 1.000000 
0.000000 0.000000 1.000000 0.000000 
0.620000 0.310000 0.020000 0.050000 
0.200000 0.100000 0.700000 0.000000 
0.000000 0.010000 0.000000 0.990000 
0.000000 0.010000 0.810000 0.180000 
0.430000 0.310000 0.150000 0.110000 
0.350000 0.120000 0.440000 0.090000 

MOTIF model_5_filter_007 model_5_filter_007
letter-probability matrix: alength= 4 w= 13 nsites= 100
0.190000 0.100000 0.000000 0.710000 
0.280000 0.050000 0.000000 0.670000 
0.230000 0.190000 0.070000 0.510000 
0.050000 0.000000 0.010000 0.940000 
0.000000 0.190000 0.110000 0.700000 
0.610000 0.000000 0.190000 0.200000 
0.510000 0.360000 0.130000 0.000000 
0.170000 0.590000 0.200000 0.040000 
0.550000 0.100000 0.040000 0.310000 
0.000000 0.860000 0.000000 0.140000 
0.990000 0.010000 0.000000 0.000000 
0.190000 0.540000 0.220000 0.050000 
0.280000 0.010000 0.440000 0.270000 

MOTIF model_5_filter_008 model_5_filter_008
letter-probability matrix: alength= 4 w= 13 nsites= 100
0.050000 0.170000 0.340000 0.440000 
0.020000 0.000000 0.000000 0.980000 
0.000000 0.000000 0.020000 0.980000 
0.160000 0.570000 0.030000 0.240000 
0.050000 0.180000 0.130000 0.640000 
0.120000 0.000000 0.880000 0.000000 
0.410000 0.000000 0.530000 0.060000 
0.000000 0.020000 0.000000 0.980000 
0.000000 0.000000 0.510000 0.490000 
0.050000 0.030000 0.460000 0.460000 
0.320000 0.000000 0.590000 0.090000 
0.300000 0.140000 0.560000 0.000000 
0.600000 0.080000 0.020000 0.300000 

MOTIF model_5_filter_009 model_5_filter_009
letter-probability matrix: alength= 4 w= 13 nsites= 100
0.180000 0.100000 0.490000 0.230000 
0.120000 0.080000 0.730000 0.070000 
0.630000 0.350000 0.000000 0.020000 
0.010000 0.560000 0.380000 0.050000 
1.000000 0.000000 0.000000 0.000000 
0.000000 0.000000 0.060000 0.940000 
0.000000 0.000000 1.000000 0.000000 
0.070000 0.020000 0.910000 0.000000 
0.190000 0.060000 0.310000 0.440000 
0.000000 0.000000 0.830000 0.170000 
0.140000 0.070000 0.600000 0.190000 
0.090000 0.090000 0.340000 0.480000 
0.050000 0.230000 0.300000 0.420000 

MOTIF model_5_filter_010 model_5_filter_010
letter-probability matrix: alength= 4 w= 13 nsites= 100
0.260000 0.130000 0.510000 0.100000 
0.360000 0.590000 0.000000 0.050000 
0.290000 0.080000 0.630000 0.000000 
0.010000 0.290000 0.000000 0.700000 
0.160000 0.000000 0.840000 0.000000 
0.960000 0.040000 0.000000 0.000000 
0.000000 0.000000 0.070000 0.930000 
0.020000 0.000000 0.980000 0.000000 
0.080000 0.440000 0.050000 0.430000 
0.080000 0.090000 0.830000 0.000000 
0.060000 0.370000 0.290000 0.280000 
0.140000 0.540000 0.030000 0.290000 
0.200000 0.270000 0.360000 0.170000 

MOTIF model_5_filter_011 model_5_filter_011
letter-probability matrix: alength= 4 w= 13 nsites= 100
0.010000 0.640000 0.230000 0.120000 
0.040000 0.340000 0.390000 0.230000 
0.040000 0.200000 0.760000 0.000000 
0.060000 0.640000 0.300000 0.000000 
0.000000 0.020000 0.980000 0.000000 
0.000000 0.620000 0.310000 0.070000 
0.000000 0.590000 0.060000 0.350000 
0.000000 1.000000 0.000000 0.000000 
0.000000 1.000000 0.000000 0.000000 
0.430000 0.010000 0.560000 0.000000 
0.170000 0.080000 0.600000 0.150000 
0.290000 0.260000 0.450000 0.000000 
0.270000 0.280000 0.350000 0.100000 

MOTIF model_5_filter_012 model_5_filter_012
letter-probability matrix: alength= 4 w= 13 nsites= 100
0.370000 0.110000 0.140000 0.380000 
0.080000 0.170000 0.360000 0.390000 
0.660000 0.000000 0.170000 0.170000 
0.010000 0.020000 0.060000 0.910000 
0.220000 0.000000 0.780000 0.000000 
0.000000 0.000000 0.000000 1.000000 
0.000000 0.020000 0.980000 0.000000 
0.820000 0.130000 0.000000 0.050000 
0.000000 0.300000 0.010000 0.690000 
0.000000 0.010000 0.990000 0.000000 
0.020000 0.130000 0.020000 0.830000 
0.060000 0.040000 0.390000 0.510000 
0.150000 0.120000 0.320000 0.410000 

MOTIF model_5_filter_013 model_5_filter_013
letter-probability matrix: alength= 4 w= 13 nsites= 100
0.600000 0.110000 0.170000 0.120000 
0.070000 0.030000 0.820000 0.080000 
0.260000 0.030000 0.690000 0.020000 
0.640000 0.130000 0.180000 0.050000 
0.000000 0.150000 0.080000 0.770000 
0.980000 0.000000 0.020000 0.000000 
0.000000 0.000000 0.000000 1.000000 
0.000000 0.000000 1.000000 0.000000 
0.040000 0.040000 0.540000 0.380000 
0.040000 0.520000 0.150000 0.290000 
0.060000 0.170000 0.750000 0.020000 
0.090000 0.140000 0.490000 0.280000 
0.150000 0.310000 0.140000 0.400000 

MOTIF model_5_filter_014 model_5_filter_014
letter-probability matrix: alength= 4 w= 13 nsites= 101
0.247525 0.207921 0.386139 0.158416 
0.039604 0.267327 0.544554 0.148515 
0.089109 0.138614 0.019802 0.752475 
0.089109 0.861386 0.000000 0.049505 
0.019802 0.554455 0.425743 0.000000 
0.891089 0.099010 0.000000 0.009901 
0.000000 0.000000 1.000000 0.000000 
0.198020 0.504950 0.000000 0.297030 
0.039604 0.019802 0.920792 0.019802 
0.009901 0.663366 0.029703 0.297030 
0.009901 0.772277 0.019802 0.198020 
0.712871 0.069307 0.198020 0.019802 
0.198020 0.138614 0.653465 0.009901 

MOTIF model_5_filter_015 model_5_filter_015
letter-probability matrix: alength= 4 w= 13 nsites= 100
0.230000 0.050000 0.040000 0.680000 
0.000000 0.920000 0.000000 0.080000 
0.000000 0.800000 0.020000 0.180000 
0.050000 0.700000 0.000000 0.250000 
0.180000 0.780000 0.000000 0.040000 
0.140000 0.060000 0.000000 0.800000 
0.000000 0.000000 0.010000 0.990000 
0.000000 0.240000 0.510000 0.250000 
0.340000 0.390000 0.170000 0.100000 
0.500000 0.010000 0.220000 0.270000 
0.000000 0.010000 0.990000 0.000000 
0.610000 0.170000 0.060000 0.160000 
0.180000 0.120000 0.340000 0.360000 

MOTIF model_5_filter_016 model_5_filter_016
letter-probability matrix: alength= 4 w= 13 nsites= 100
0.350000 0.290000 0.210000 0.150000 
0.460000 0.120000 0.200000 0.220000 
0.430000 0.490000 0.040000 0.040000 
0.870000 0.060000 0.000000 0.070000 
0.000000 0.000000 0.000000 1.000000 
0.060000 0.530000 0.000000 0.410000 
0.990000 0.000000 0.010000 0.000000 
0.020000 0.000000 0.970000 0.010000 
1.000000 0.000000 0.000000 0.000000 
0.000000 0.720000 0.200000 0.080000 
0.370000 0.590000 0.000000 0.040000 
0.210000 0.120000 0.580000 0.090000 
0.140000 0.330000 0.220000 0.310000 

MOTIF model_5_filter_017 model_5_filter_017
letter-probability matrix: alength= 4 w= 13 nsites= 100
0.190000 0.080000 0.640000 0.090000 
0.160000 0.000000 0.560000 0.280000 
0.170000 0.010000 0.310000 0.510000 
0.000000 0.070000 0.490000 0.440000 
0.490000 0.000000 0.480000 0.030000 
0.000000 0.000000 0.000000 1.000000 
0.660000 0.000000 0.340000 0.000000 
0.070000 0.000000 0.050000 0.880000 
0.000000 0.000000 0.270000 0.730000 
0.000000 0.000000 0.530000 0.470000 
0.020000 0.230000 0.320000 0.430000 
0.000000 0.070000 0.040000 0.890000 
0.050000 0.140000 0.770000 0.040000 

MOTIF model_5_filter_018 model_5_filter_018
letter-probability matrix: alength= 4 w= 13 nsites= 100
0.440000 0.050000 0.230000 0.280000 
0.050000 0.000000 0.030000 0.920000 
0.000000 0.180000 0.150000 0.670000 
0.000000 0.130000 0.000000 0.870000 
0.160000 0.030000 0.730000 0.080000 
0.250000 0.060000 0.040000 0.650000 
0.980000 0.000000 0.020000 0.000000 
0.030000 0.000000 0.970000 0.000000 
1.000000 0.000000 0.000000 0.000000 
0.920000 0.020000 0.000000 0.060000 
0.820000 0.000000 0.100000 0.080000 
0.090000 0.540000 0.150000 0.220000 
0.160000 0.150000 0.370000 0.320000 

MOTIF model_5_filter_019 model_5_filter_019
letter-probability matrix: alength= 4 w= 13 nsites= 100
0.430000 0.300000 0.030000 0.240000 
0.060000 0.300000 0.330000 0.310000 
0.000000 0.780000 0.060000 0.160000 
0.000000 0.030000 0.560000 0.410000 
1.000000 0.000000 0.000000 0.000000 
0.430000 0.560000 0.010000 0.000000 
0.020000 0.780000 0.010000 0.190000 
0.980000 0.000000 0.000000 0.020000 
0.000000 0.100000 0.900000 0.000000 
0.290000 0.150000 0.180000 0.380000 
0.060000 0.000000 0.940000 0.000000 
0.250000 0.110000 0.080000 0.560000 
0.290000 0.220000 0.330000 0.160000 

MOTIF model_5_filter_020 model_5_filter_020
letter-probability matrix: alength= 4 w= 13 nsites= 100
0.120000 0.170000 0.300000 0.410000 
0.010000 0.010000 0.260000 0.720000 
0.000000 0.100000 0.670000 0.230000 
0.310000 0.020000 0.580000 0.090000 
0.030000 0.080000 0.890000 0.000000 
0.000000 0.000000 0.000000 1.000000 
0.000000 0.000000 0.020000 0.980000 
0.010000 0.000000 0.020000 0.970000 
0.000000 0.000000 1.000000 0.000000 
0.370000 0.400000 0.180000 0.050000 
0.070000 0.900000 0.030000 0.000000 
0.680000 0.090000 0.170000 0.060000 
0.380000 0.130000 0.200000 0.290000 

MOTIF model_5_filter_021 model_5_filter_021
letter-probability matrix: alength= 4 w= 13 nsites= 100
0.430000 0.040000 0.010000 0.520000 
0.060000 0.010000 0.900000 0.030000 
0.080000 0.670000 0.190000 0.060000 
0.470000 0.120000 0.020000 0.390000 
0.030000 0.150000 0.820000 0.000000 
0.870000 0.000000 0.130000 0.000000 
0.040000 0.010000 0.930000 0.020000 
0.200000 0.770000 0.030000 0.000000 
0.030000 0.000000 0.000000 0.970000 
0.000000 0.990000 0.010000 0.000000 
0.020000 0.390000 0.320000 0.270000 
0.080000 0.540000 0.340000 0.040000 
0.110000 0.320000 0.160000 0.410000 

MOTIF model_5_filter_022 model_5_filter_022
letter-probability matrix: alength= 4 w= 13 nsites= 100
0.050000 0.240000 0.590000 0.120000 
0.220000 0.210000 0.350000 0.220000 
0.060000 0.510000 0.100000 0.330000 
0.610000 0.070000 0.320000 0.000000 
0.900000 0.040000 0.000000 0.060000 
0.690000 0.050000 0.260000 0.000000 
0.990000 0.010000 0.000000 0.000000 
0.000000 0.000000 0.000000 1.000000 
0.000000 0.000000 0.910000 0.090000 
0.380000 0.000000 0.560000 0.060000 
0.260000 0.160000 0.580000 0.000000 
0.160000 0.320000 0.030000 0.490000 
0.170000 0.350000 0.390000 0.090000 

MOTIF model_5_filter_023 model_5_filter_023
letter-probability matrix: alength= 4 w= 13 nsites= 100
0.170000 0.010000 0.360000 0.460000 
0.050000 0.160000 0.030000 0.760000 
0.160000 0.110000 0.390000 0.340000 
0.000000 0.000000 0.020000 0.980000 
0.270000 0.010000 0.000000 0.720000 
0.980000 0.000000 0.020000 0.000000 
0.000000 0.050000 0.000000 0.950000 
0.180000 0.000000 0.820000 0.000000 
0.060000 0.020000 0.090000 0.830000 
0.300000 0.040000 0.660000 0.000000 
0.390000 0.020000 0.000000 0.590000 
0.330000 0.010000 0.600000 0.060000 
0.160000 0.250000 0.230000 0.360000 

MOTIF model_5_filter_024 model_5_filter_024
letter-probability matrix: alength= 4 w= 13 nsites= 100
0.610000 0.170000 0.030000 0.190000 
0.070000 0.000000 0.010000 0.920000 
0.040000 0.010000 0.700000 0.250000 
0.060000 0.000000 0.000000 0.940000 
0.000000 0.020000 0.980000 0.000000 
0.000000 0.790000 0.050000 0.160000 
0.820000 0.000000 0.180000 0.000000 
0.210000 0.300000 0.400000 0.090000 
0.420000 0.010000 0.570000 0.000000 
0.290000 0.620000 0.000000 0.090000 
0.520000 0.040000 0.190000 0.250000 
0.230000 0.090000 0.520000 0.160000 
0.510000 0.190000 0.200000 0.100000 

MOTIF model_5_filter_025 model_5_filter_025
letter-probability matrix: alength= 4 w= 13 nsites= 100
0.510000 0.190000 0.190000 0.110000 
0.040000 0.000000 0.760000 0.200000 
0.280000 0.000000 0.640000 0.080000 
0.020000 0.410000 0.420000 0.150000 
0.700000 0.300000 0.000000 0.000000 
0.000000 0.060000 0.600000 0.340000 
0.000000 0.000000 1.000000 0.000000 
0.000000 0.260000 0.740000 0.000000 
0.000000 0.180000 0.570000 0.250000 
0.000000 0.000000 0.970000 0.030000 
0.200000 0.040000 0.700000 0.060000 
0.430000 0.020000 0.350000 0.200000 
0.090000 0.180000 0.370000 0.360000 

MOTIF model_5_filter_026 model_5_filter_026
letter-probability matrix: alength= 4 w= 13 nsites= 100
0.130000 0.130000 0.040000 0.700000 
0.030000 0.050000 0.710000 0.210000 
0.040000 0.050000 0.870000 0.040000 
0.020000 0.930000 0.020000 0.030000 
0.000000 0.150000 0.020000 0.830000 
0.000000 0.580000 0.420000 0.000000 
0.010000 0.620000 0.020000 0.350000 
0.010000 0.990000 0.000000 0.000000 
0.090000 0.220000 0.100000 0.590000 
0.000000 0.610000 0.150000 0.240000 
0.000000 0.810000 0.090000 0.100000 
0.100000 0.570000 0.160000 0.170000 
0.190000 0.510000 0.230000 0.070000 

MOTIF model_5_filter_027 model_5_filter_027
letter-probability matrix: alength= 4 w= 13 nsites= 100
0.380000 0.050000 0.460000 0.110000 
0.320000 0.110000 0.090000 0.480000 
0.110000 0.630000 0.170000 0.090000 
0.730000 0.010000 0.240000 0.020000 
0.000000 0.000000 0.000000 1.000000 
0.000000 0.180000 0.520000 0.300000 
0.010000 0.290000 0.700000 0.000000 
0.000000 1.000000 0.000000 0.000000 
0.000000 0.420000 0.490000 0.090000 
0.000000 0.000000 0.410000 0.590000 
0.000000 0.060000 0.160000 0.780000 
0.050000 0.060000 0.840000 0.050000 
0.070000 0.100000 0.140000 0.690000 

MOTIF model_5_filter_028 model_5_filter_028
letter-probability matrix: alength= 4 w= 13 nsites= 100
0.540000 0.300000 0.130000 0.030000 
0.930000 0.010000 0.060000 0.000000 
0.660000 0.050000 0.110000 0.180000 
0.020000 0.720000 0.140000 0.120000 
1.000000 0.000000 0.000000 0.000000 
0.000000 0.000000 0.000000 1.000000 
0.000000 0.000000 1.000000 0.000000 
0.120000 0.040000 0.330000 0.510000 
0.170000 0.730000 0.070000 0.030000 
0.210000 0.080000 0.460000 0.250000 
0.300000 0.270000 0.360000 0.070000 
0.530000 0.330000 0.060000 0.080000 
0.040000 0.120000 0.180000 0.660000 

MOTIF model_5_filter_029 model_5_filter_029
letter-probability matrix: alength= 4 w= 13 nsites= 101
0.287129 0.247525 0.287129 0.178218 
0.613861 0.049505 0.297030 0.039604 
0.089109 0.485149 0.059406 0.366337 
0.237624 0.564356 0.039604 0.158416 
0.643564 0.000000 0.356436 0.000000 
0.396040 0.405941 0.000000 0.198020 
0.445545 0.316832 0.000000 0.237624 
1.000000 0.000000 0.000000 0.000000 
0.000000 0.000000 0.000000 1.000000 
0.000000 0.000000 1.000000 0.000000 
0.089109 0.000000 0.900990 0.009901 
0.287129 0.574257 0.089109 0.049505 
0.000000 0.168317 0.702970 0.128713 

MOTIF model_5_filter_030 model_5_filter_030
letter-probability matrix: alength= 4 w= 13 nsites= 100
0.280000 0.180000 0.270000 0.270000 
0.070000 0.330000 0.040000 0.560000 
0.520000 0.420000 0.060000 0.000000 
0.130000 0.430000 0.180000 0.260000 
0.820000 0.080000 0.000000 0.100000 
0.000000 0.920000 0.050000 0.030000 
0.000000 1.000000 0.000000 0.000000 
0.620000 0.000000 0.380000 0.000000 
0.010000 0.000000 0.990000 0.000000 
0.670000 0.170000 0.160000 0.000000 
0.620000 0.000000 0.380000 0.000000 
0.850000 0.000000 0.090000 0.060000 
0.600000 0.250000 0.040000 0.110000 

MOTIF model_5_filter_031 model_5_filter_031
letter-probability matrix: alength= 4 w= 13 nsites= 100
0.040000 0.310000 0.620000 0.030000 
0.020000 0.290000 0.680000 0.010000 
0.080000 0.650000 0.220000 0.050000 
0.000000 0.960000 0.040000 0.000000 
0.390000 0.040000 0.540000 0.030000 
0.000000 0.130000 0.780000 0.090000 
0.050000 0.810000 0.120000 0.020000 
0.010000 0.280000 0.710000 0.000000 
0.000000 0.050000 0.760000 0.190000 
0.060000 0.000000 0.910000 0.030000 
0.200000 0.250000 0.540000 0.010000 
0.140000 0.340000 0.510000 0.010000 
0.190000 0.500000 0.120000 0.190000 

MOTIF model_5_filter_032 model_5_filter_032
letter-probability matrix: alength= 4 w= 13 nsites= 100
0.110000 0.240000 0.040000 0.610000 
0.590000 0.170000 0.060000 0.180000 
0.490000 0.010000 0.260000 0.240000 
0.050000 0.600000 0.000000 0.350000 
0.150000 0.710000 0.010000 0.130000 
1.000000 0.000000 0.000000 0.000000 
0.000000 0.000000 0.000000 1.000000 
0.000000 0.000000 1.000000 0.000000 
0.000000 0.220000 0.020000 0.760000 
0.730000 0.230000 0.030000 0.010000 
0.240000 0.050000 0.090000 0.620000 
0.170000 0.580000 0.130000 0.120000 
0.330000 0.240000 0.250000 0.180000 

MOTIF model_5_filter_033 model_5_filter_033
letter-probability matrix: alength= 4 w= 13 nsites= 100
0.140000 0.180000 0.120000 0.560000 
0.480000 0.010000 0.390000 0.120000 
0.170000 0.490000 0.310000 0.030000 
0.740000 0.160000 0.050000 0.050000 
0.020000 0.000000 0.980000 0.000000 
0.210000 0.020000 0.250000 0.520000 
0.000000 0.970000 0.000000 0.030000 
0.980000 0.000000 0.020000 0.000000 
0.000000 0.000000 0.000000 1.000000 
0.000000 0.000000 1.000000 0.000000 
0.090000 0.180000 0.090000 0.640000 
0.150000 0.210000 0.370000 0.270000 
0.100000 0.510000 0.240000 0.150000 

MOTIF model_5_filter_034 model_5_filter_034
letter-probability matrix: alength= 4 w= 13 nsites= 100
0.080000 0.650000 0.170000 0.100000 
0.080000 0.540000 0.170000 0.210000 
0.210000 0.310000 0.470000 0.010000 
0.010000 0.000000 0.020000 0.970000 
0.030000 0.360000 0.610000 0.000000 
0.000000 0.000000 0.040000 0.960000 
0.000000 1.000000 0.000000 0.000000 
0.000000 0.010000 0.000000 0.990000 
0.000000 0.880000 0.110000 0.010000 
0.000000 0.170000 0.000000 0.830000 
0.050000 0.450000 0.300000 0.200000 
0.000000 0.660000 0.300000 0.040000 
0.120000 0.180000 0.500000 0.200000 

MOTIF model_5_filter_035 model_5_filter_035
letter-probability matrix: alength= 4 w= 13 nsites= 101
0.336634 0.039604 0.366337 0.257426 
0.376238 0.297030 0.277228 0.049505 
0.366337 0.009901 0.079208 0.544554 
0.485149 0.405941 0.029703 0.079208 
0.930693 0.000000 0.049505 0.019802 
0.000000 0.940594 0.059406 0.000000 
0.762376 0.069307 0.168317 0.000000 
0.000000 0.633663 0.366337 0.000000 
0.940594 0.000000 0.019802 0.039604 
0.000000 0.069307 0.000000 0.930693 
0.603960 0.019802 0.000000 0.376238 
0.000000 0.049505 0.009901 0.940594 
0.405941 0.148515 0.039604 0.405941 

MOTIF model_5_filter_036 model_5_filter_036
letter-probability matrix: alength= 4 w= 13 nsites= 100
0.180000 0.010000 0.010000 0.800000 
0.010000 0.000000 0.000000 0.990000 
0.040000 0.230000 0.000000 0.730000 
0.350000 0.440000 0.210000 0.000000 
0.020000 0.290000 0.110000 0.580000 
0.010000 0.870000 0.120000 0.000000 
0.000000 0.030000 0.200000 0.770000 
0.000000 0.000000 1.000000 0.000000 
0.000000 0.070000 0.270000 0.660000 
0.270000 0.000000 0.720000 0.010000 
0.210000 0.370000 0.170000 0.250000 
0.010000 0.110000 0.010000 0.870000 
0.090000 0.090000 0.220000 0.600000 

MOTIF model_5_filter_037 model_5_filter_037
letter-probability matrix: alength= 4 w= 13 nsites= 100
0.330000 0.330000 0.160000 0.180000 
0.520000 0.030000 0.030000 0.420000 
0.670000 0.170000 0.090000 0.070000 
0.000000 0.980000 0.000000 0.020000 
1.000000 0.000000 0.000000 0.000000 
0.010000 0.910000 0.070000 0.010000 
0.890000 0.000000 0.000000 0.110000 
0.020000 0.300000 0.680000 0.000000 
0.010000 0.000000 0.990000 0.000000 
0.950000 0.050000 0.000000 0.000000 
0.550000 0.010000 0.270000 0.170000 
0.150000 0.120000 0.300000 0.430000 
0.480000 0.300000 0.110000 0.110000 

MOTIF model_5_filter_038 model_5_filter_038
letter-probability matrix: alength= 4 w= 13 nsites= 100
0.430000 0.210000 0.060000 0.300000 
0.400000 0.210000 0.200000 0.190000 
0.010000 0.940000 0.050000 0.000000 
0.000000 0.030000 0.000000 0.970000 
0.000000 0.710000 0.280000 0.010000 
0.130000 0.060000 0.330000 0.480000 
0.000000 0.120000 0.000000 0.880000 
0.000000 0.980000 0.000000 0.020000 
0.090000 0.840000 0.060000 0.010000 
0.010000 0.200000 0.090000 0.700000 
0.000000 0.730000 0.270000 0.000000 
0.130000 0.430000 0.090000 0.350000 
0.010000 0.000000 0.470000 0.520000 

MOTIF model_5_filter_039 model_5_filter_039
letter-probability matrix: alength= 4 w= 13 nsites= 100
0.430000 0.070000 0.440000 0.060000 
0.150000 0.480000 0.010000 0.360000 
0.260000 0.540000 0.060000 0.140000 
1.000000 0.000000 0.000000 0.000000 
0.000000 0.000000 0.000000 1.000000 
0.030000 0.010000 0.860000 0.100000 
0.840000 0.000000 0.030000 0.130000 
0.000000 0.000000 0.000000 1.000000 
0.000000 0.000000 1.000000 0.000000 
0.000000 0.530000 0.190000 0.280000 
0.270000 0.100000 0.060000 0.570000 
0.140000 0.360000 0.320000 0.180000 
0.340000 0.230000 0.230000 0.200000 

MOTIF model_5_filter_040 model_5_filter_040
letter-probability matrix: alength= 4 w= 13 nsites= 101
0.148515 0.029703 0.079208 0.742574 
0.009901 0.000000 0.900990 0.089109 
0.019802 0.000000 0.049505 0.930693 
0.000000 0.019802 0.930693 0.049505 
0.514851 0.000000 0.059406 0.425743 
0.019802 0.000000 0.792079 0.188119 
0.000000 0.000000 0.000000 1.000000 
0.000000 0.000000 1.000000 0.000000 
0.000000 0.000000 0.000000 1.000000 
0.000000 0.000000 0.693069 0.306931 
0.000000 0.089109 0.000000 0.910891 
0.000000 0.029703 0.970297 0.000000 
0.009901 0.019802 0.227723 0.742574 

MOTIF model_5_filter_041 model_5_filter_041
letter-probability matrix: alength= 4 w= 13 nsites= 100
0.200000 0.630000 0.050000 0.120000 
0.380000 0.030000 0.120000 0.470000 
0.200000 0.000000 0.340000 0.460000 
0.510000 0.110000 0.180000 0.200000 
0.040000 0.530000 0.350000 0.080000 
0.000000 0.000000 0.310000 0.690000 
0.000000 0.000000 0.000000 1.000000 
0.160000 0.000000 0.030000 0.810000 
0.010000 0.000000 0.980000 0.010000 
0.740000 0.030000 0.040000 0.190000 
0.010000 0.770000 0.200000 0.020000 
0.160000 0.000000 0.460000 0.380000 
0.030000 0.040000 0.880000 0.050000 

MOTIF model_5_filter_042 model_5_filter_042
letter-probability matrix: alength= 4 w= 13 nsites= 100
0.530000 0.000000 0.420000 0.050000 
0.860000 0.050000 0.080000 0.010000 
0.920000 0.070000 0.000000 0.010000 
0.630000 0.000000 0.120000 0.250000 
0.110000 0.000000 0.830000 0.060000 
0.000000 0.000000 0.980000 0.020000 
0.980000 0.000000 0.010000 0.010000 
0.500000 0.020000 0.000000 0.480000 
0.480000 0.020000 0.490000 0.010000 
0.990000 0.000000 0.010000 0.000000 
0.500000 0.010000 0.170000 0.320000 
0.680000 0.290000 0.030000 0.000000 
0.490000 0.200000 0.070000 0.240000 

MOTIF model_5_filter_043 model_5_filter_043
letter-probability matrix: alength= 4 w= 13 nsites= 100
0.280000 0.190000 0.400000 0.130000 
0.200000 0.230000 0.200000 0.370000 
0.000000 0.170000 0.830000 0.000000 
0.820000 0.000000 0.030000 0.150000 
0.320000 0.420000 0.120000 0.140000 
0.780000 0.220000 0.000000 0.000000 
0.000000 0.010000 0.000000 0.990000 
0.980000 0.020000 0.000000 0.000000 
0.090000 0.910000 0.000000 0.000000 
0.290000 0.030000 0.440000 0.240000 
0.000000 0.010000 0.990000 0.000000 
0.300000 0.100000 0.290000 0.310000 
0.250000 0.170000 0.360000 0.220000 

MOTIF model_5_filter_044 model_5_filter_044
letter-probability matrix: alength= 4 w= 13 nsites= 100
0.320000 0.210000 0.100000 0.370000 
0.440000 0.080000 0.130000 0.350000 
0.360000 0.050000 0.550000 0.040000 
0.400000 0.390000 0.010000 0.200000 
0.530000 0.270000 0.010000 0.190000 
0.650000 0.000000 0.330000 0.020000 
0.130000 0.180000 0.260000 0.430000 
0.000000 0.290000 0.660000 0.050000 
0.930000 0.000000 0.070000 0.000000 
0.000000 0.000000 0.000000 1.000000 
0.000000 0.000000 1.000000 0.000000 
0.050000 0.000000 0.940000 0.010000 
0.660000 0.220000 0.100000 0.020000 

MOTIF model_5_filter_045 model_5_filter_045
letter-probability matrix: alength= 4 w= 13 nsites= 100
0.030000 0.390000 0.270000 0.310000 
0.020000 0.220000 0.180000 0.580000 
0.250000 0.120000 0.590000 0.040000 
0.000000 0.530000 0.120000 0.350000 
1.000000 0.000000 0.000000 0.000000 
0.000000 0.000000 1.000000 0.000000 
0.000000 0.720000 0.280000 0.000000 
0.940000 0.020000 0.040000 0.000000 
0.380000 0.100000 0.000000 0.520000 
0.490000 0.510000 0.000000 0.000000 
0.350000 0.630000 0.000000 0.020000 
0.480000 0.490000 0.030000 0.000000 
0.030000 0.440000 0.230000 0.300000 

MOTIF model_5_filter_046 model_5_filter_046
letter-probability matrix: alength= 4 w= 13 nsites= 100
0.290000 0.360000 0.020000 0.330000 
0.170000 0.610000 0.070000 0.150000 
0.010000 0.960000 0.010000 0.020000 
0.160000 0.000000 0.010000 0.830000 
0.000000 1.000000 0.000000 0.000000 
0.000000 1.000000 0.000000 0.000000 
0.030000 0.200000 0.000000 0.770000 
0.000000 0.720000 0.280000 0.000000 
0.360000 0.580000 0.050000 0.010000 
0.160000 0.140000 0.000000 0.700000 
0.000000 0.940000 0.000000 0.060000 
0.030000 0.970000 0.000000 0.000000 
0.090000 0.110000 0.140000 0.660000 

MOTIF model_5_filter_047 model_5_filter_047
letter-probability matrix: alength= 4 w= 13 nsites= 100
0.290000 0.300000 0.410000 0.000000 
0.510000 0.060000 0.430000 0.000000 
0.460000 0.010000 0.150000 0.380000 
0.320000 0.600000 0.040000 0.040000 
1.000000 0.000000 0.000000 0.000000 
0.000000 0.000000 0.000000 1.000000 
0.000000 0.000000 1.000000 0.000000 
0.190000 0.040000 0.220000 0.550000 
0.180000 0.050000 0.540000 0.230000 
0.140000 0.100000 0.180000 0.580000 
0.750000 0.190000 0.000000 0.060000 
0.210000 0.020000 0.490000 0.280000 
0.020000 0.300000 0.090000 0.590000 

MOTIF model_5_filter_048 model_5_filter_048
letter-probability matrix: alength= 4 w= 13 nsites= 100
0.080000 0.320000 0.380000 0.220000 
0.070000 0.550000 0.220000 0.160000 
0.810000 0.090000 0.100000 0.000000 
0.780000 0.070000 0.010000 0.140000 
0.180000 0.100000 0.070000 0.650000 
0.480000 0.000000 0.520000 0.000000 
0.000000 0.000000 0.550000 0.450000 
0.000000 0.010000 0.990000 0.000000 
0.130000 0.660000 0.150000 0.060000 
0.480000 0.320000 0.050000 0.150000 
0.200000 0.550000 0.210000 0.040000 
0.360000 0.240000 0.340000 0.060000 
0.200000 0.320000 0.430000 0.050000 

MOTIF model_5_filter_049 model_5_filter_049
letter-probability matrix: alength= 4 w= 13 nsites= 100
0.090000 0.480000 0.020000 0.410000 
0.890000 0.000000 0.010000 0.100000 
0.980000 0.000000 0.020000 0.000000 
0.230000 0.770000 0.000000 0.000000 
1.000000 0.000000 0.000000 0.000000 
1.000000 0.000000 0.000000 0.000000 
1.000000 0.000000 0.000000 0.000000 
1.000000 0.000000 0.000000 0.000000 
0.340000 0.560000 0.100000 0.000000 
0.510000 0.090000 0.220000 0.180000 
0.380000 0.470000 0.110000 0.040000 
0.400000 0.200000 0.000000 0.400000 
0.390000 0.210000 0.100000 0.300000 

MOTIF model_5_filter_050 model_5_filter_050
letter-probability matrix: alength= 4 w= 13 nsites= 100
0.110000 0.550000 0.110000 0.230000 
0.040000 0.060000 0.380000 0.520000 
0.580000 0.340000 0.060000 0.020000 
0.410000 0.120000 0.000000 0.470000 
0.340000 0.430000 0.000000 0.230000 
0.860000 0.000000 0.000000 0.140000 
0.000000 1.000000 0.000000 0.000000 
0.920000 0.000000 0.080000 0.000000 
0.000000 1.000000 0.000000 0.000000 
0.000000 0.000000 0.000000 1.000000 
0.050000 0.240000 0.580000 0.130000 
0.730000 0.060000 0.000000 0.210000 
0.250000 0.520000 0.120000 0.110000 

MOTIF model_5_filter_051 model_5_filter_051
letter-probability matrix: alength= 4 w= 13 nsites= 100
0.090000 0.000000 0.030000 0.880000 
0.260000 0.000000 0.710000 0.030000 
0.110000 0.340000 0.030000 0.520000 
0.220000 0.010000 0.360000 0.410000 
0.000000 0.000000 0.000000 1.000000 
0.000000 0.000000 0.000000 1.000000 
0.010000 0.010000 0.160000 0.820000 
0.000000 0.000000 0.600000 0.400000 
1.000000 0.000000 0.000000 0.000000 
0.000000 0.090000 0.000000 0.910000 
0.550000 0.000000 0.000000 0.450000 
0.020000 0.070000 0.010000 0.900000 
0.330000 0.070000 0.060000 0.540000 

MOTIF model_5_filter_052 model_5_filter_052
letter-probability matrix: alength= 4 w= 13 nsites= 100
0.230000 0.200000 0.240000 0.330000 
0.030000 0.040000 0.410000 0.520000 
0.060000 0.020000 0.590000 0.330000 
0.160000 0.000000 0.260000 0.580000 
0.110000 0.040000 0.810000 0.040000 
0.900000 0.090000 0.010000 0.000000 
0.000000 0.000000 1.000000 0.000000 
0.000000 0.020000 0.980000 0.000000 
0.020000 0.260000 0.720000 0.000000 
0.030000 0.000000 0.970000 0.000000 
0.710000 0.000000 0.270000 0.020000 
0.290000 0.010000 0.180000 0.520000 
0.020000 0.310000 0.560000 0.110000 

MOTIF model_5_filter_053 model_5_filter_053
letter-probability matrix: alength= 4 w= 13 nsites= 100
0.300000 0.260000 0.260000 0.180000 
0.080000 0.560000 0.060000 0.300000 
0.290000 0.120000 0.000000 0.590000 
0.090000 0.300000 0.000000 0.610000 
0.990000 0.010000 0.000000 0.000000 
0.000000 0.880000 0.000000 0.120000 
0.690000 0.230000 0.000000 0.080000 
0.000000 1.000000 0.000000 0.000000 
1.000000 0.000000 0.000000 0.000000 
0.000000 0.950000 0.050000 0.000000 
0.490000 0.460000 0.000000 0.050000 
0.610000 0.350000 0.020000 0.020000 
0.140000 0.260000 0.240000 0.360000 

MOTIF model_5_filter_054 model_5_filter_054
letter-probability matrix: alength= 4 w= 13 nsites= 100
0.200000 0.190000 0.560000 0.050000 
0.030000 0.270000 0.610000 0.090000 
0.670000 0.000000 0.200000 0.130000 
0.010000 0.010000 0.980000 0.000000 
0.050000 0.310000 0.640000 0.000000 
0.000000 0.830000 0.170000 0.000000 
0.650000 0.310000 0.000000 0.040000 
0.000000 0.000000 0.000000 1.000000 
0.000000 0.060000 0.940000 0.000000 
0.020000 0.390000 0.410000 0.180000 
0.080000 0.700000 0.050000 0.170000 
0.240000 0.390000 0.310000 0.060000 
0.060000 0.310000 0.400000 0.230000 

MOTIF model_5_filter_055 model_5_filter_055
letter-probability matrix: alength= 4 w= 13 nsites= 100
0.560000 0.230000 0.060000 0.150000 
0.490000 0.000000 0.510000 0.000000 
1.000000 0.000000 0.000000 0.000000 
0.520000 0.000000 0.480000 0.000000 
1.000000 0.000000 0.000000 0.000000 
0.000000 0.000000 0.000000 1.000000 
0.000000 0.000000 1.000000 0.000000 
0.000000 0.220000 0.640000 0.140000 
0.490000 0.510000 0.000000 0.000000 
0.520000 0.050000 0.370000 0.060000 
0.450000 0.030000 0.310000 0.210000 
0.230000 0.350000 0.350000 0.070000 
0.320000 0.080000 0.310000 0.290000 

MOTIF model_5_filter_056 model_5_filter_056
letter-probability matrix: alength= 4 w= 13 nsites= 100
0.230000 0.450000 0.180000 0.140000 
0.090000 0.000000 0.810000 0.100000 
0.000000 0.260000 0.590000 0.150000 
0.390000 0.080000 0.000000 0.530000 
0.000000 0.470000 0.040000 0.490000 
1.000000 0.000000 0.000000 0.000000 
0.000000 0.000000 0.220000 0.780000 
0.000000 0.000000 0.000000 1.000000 
0.100000 0.000000 0.290000 0.610000 
0.000000 0.050000 0.110000 0.840000 
0.180000 0.000000 0.270000 0.550000 
0.040000 0.040000 0.030000 0.890000 
0.120000 0.040000 0.320000 0.520000 

MOTIF model_5_filter_057 model_5_filter_057
letter-probability matrix: alength= 4 w= 13 nsites= 100
0.350000 0.060000 0.050000 0.540000 
0.140000 0.300000 0.090000 0.470000 
0.820000 0.000000 0.040000 0.140000 
1.000000 0.000000 0.000000 0.000000 
0.050000 0.630000 0.010000 0.310000 
0.020000 0.000000 0.000000 0.980000 
0.000000 0.000000 1.000000 0.000000 
0.000000 0.110000 0.020000 0.870000 
0.130000 0.000000 0.150000 0.720000 
0.000000 0.080000 0.320000 0.600000 
0.920000 0.010000 0.010000 0.060000 
0.360000 0.130000 0.050000 0.460000 
0.290000 0.150000 0.030000 0.530000 

MOTIF model_5_filter_058 model_5_filter_058
letter-probability matrix: alength= 4 w= 13 nsites= 100
0.650000 0.070000 0.170000 0.110000 
0.040000 0.050000 0.910000 0.000000 
0.690000 0.070000 0.190000 0.050000 
0.040000 0.510000 0.080000 0.370000 
0.000000 0.020000 0.980000 0.000000 
0.000000 0.000000 1.000000 0.000000 
0.000000 0.920000 0.080000 0.000000 
0.030000 0.340000 0.620000 0.010000 
0.000000 0.220000 0.640000 0.140000 
0.230000 0.450000 0.270000 0.050000 
0.360000 0.000000 0.640000 0.000000 
0.190000 0.240000 0.480000 0.090000 
0.170000 0.180000 0.580000 0.070000 

MOTIF model_5_filter_059 model_5_filter_059
letter-probability matrix: alength= 4 w= 13 nsites= 100
0.070000 0.150000 0.660000 0.120000 
0.500000 0.220000 0.140000 0.140000 
0.040000 0.010000 0.040000 0.910000 
0.090000 0.010000 0.900000 0.000000 
0.160000 0.570000 0.000000 0.270000 
0.540000 0.440000 0.020000 0.000000 
1.000000 0.000000 0.000000 0.000000 
0.000000 0.000000 0.020000 0.980000 
0.000000 0.000000 1.000000 0.000000 
0.050000 0.020000 0.410000 0.520000 
0.160000 0.170000 0.160000 0.510000 
0.060000 0.040000 0.410000 0.490000 
0.370000 0.170000 0.380000 0.080000 

MOTIF model_5_filter_060 model_5_filter_060
letter-probability matrix: alength= 4 w= 13 nsites= 100
0.250000 0.180000 0.070000 0.500000 
0.470000 0.210000 0.250000 0.070000 
0.020000 0.060000 0.020000 0.900000 
0.350000 0.350000 0.000000 0.300000 
0.000000 0.330000 0.000000 0.670000 
0.000000 0.000000 0.000000 1.000000 
0.000000 0.000000 1.000000 0.000000 
0.000000 0.000000 0.070000 0.930000 
0.000000 0.000000 1.000000 0.000000 
0.120000 0.030000 0.790000 0.060000 
0.240000 0.130000 0.070000 0.560000 
0.710000 0.090000 0.140000 0.060000 
0.220000 0.150000 0.240000 0.390000 

MOTIF model_5_filter_061 model_5_filter_061
letter-probability matrix: alength= 4 w= 13 nsites= 101
0.198020 0.366337 0.415842 0.019802 
0.970297 0.000000 0.019802 0.009901 
0.009901 0.980198 0.000000 0.009901 
0.544554 0.069307 0.029703 0.356436 
0.881188 0.009901 0.108911 0.000000 
0.000000 0.910891 0.000000 0.089109 
0.168317 0.009901 0.287129 0.534653 
0.009901 0.673267 0.316832 0.000000 
0.000000 0.000000 0.970297 0.029703 
0.534653 0.000000 0.000000 0.465347 
0.000000 0.099010 0.405941 0.495050 
0.257426 0.267327 0.128713 0.346535 
0.514851 0.039604 0.168317 0.277228 

MOTIF model_5_filter_062 model_5_filter_062
letter-probability matrix: alength= 4 w= 13 nsites= 101
0.326733 0.396040 0.237624 0.039604 
0.801980 0.049505 0.000000 0.148515 
0.138614 0.000000 0.792079 0.069307 
0.168317 0.009901 0.000000 0.821782 
0.445545 0.000000 0.554455 0.000000 
0.099010 0.900990 0.000000 0.000000 
0.574257 0.000000 0.148515 0.277228 
0.000000 0.000000 0.267327 0.732673 
0.000000 0.000000 0.000000 1.000000 
0.168317 0.000000 0.366337 0.465347 
0.009901 0.000000 0.000000 0.990099 
0.376238 0.049505 0.118812 0.455446 
0.158416 0.009901 0.089109 0.742574 

MOTIF model_5_filter_063 model_5_filter_063
letter-probability matrix: alength= 4 w= 13 nsites= 100
0.490000 0.130000 0.220000 0.160000 
0.760000 0.150000 0.060000 0.030000 
0.090000 0.290000 0.020000 0.600000 
0.680000 0.140000 0.040000 0.140000 
0.110000 0.700000 0.000000 0.190000 
0.000000 0.010000 0.930000 0.060000 
0.690000 0.250000 0.060000 0.000000 
0.930000 0.000000 0.000000 0.070000 
0.680000 0.320000 0.000000 0.000000 
0.160000 0.720000 0.010000 0.110000 
0.130000 0.130000 0.070000 0.670000 
0.060000 0.410000 0.070000 0.460000 
0.300000 0.160000 0.060000 0.480000 

MOTIF model_5_filter_064 model_5_filter_064
letter-probability matrix: alength= 4 w= 13 nsites= 100
0.250000 0.090000 0.540000 0.120000 
0.440000 0.100000 0.290000 0.170000 
0.000000 0.310000 0.690000 0.000000 
0.900000 0.050000 0.000000 0.050000 
0.000000 0.050000 0.010000 0.940000 
0.020000 0.860000 0.000000 0.120000 
0.800000 0.000000 0.000000 0.200000 
0.000000 0.000000 0.170000 0.830000 
0.010000 0.980000 0.000000 0.010000 
0.480000 0.000000 0.000000 0.520000 
0.030000 0.620000 0.000000 0.350000 
0.420000 0.390000 0.020000 0.170000 
0.220000 0.250000 0.090000 0.440000 

MOTIF model_5_filter_065 model_5_filter_065
letter-probability matrix: alength= 4 w= 13 nsites= 100
0.120000 0.000000 0.070000 0.810000 
0.190000 0.120000 0.160000 0.530000 
0.060000 0.110000 0.000000 0.830000 
0.710000 0.030000 0.210000 0.050000 
0.020000 0.980000 0.000000 0.000000 
0.030000 0.030000 0.900000 0.040000 
0.400000 0.470000 0.010000 0.120000 
0.540000 0.000000 0.460000 0.000000 
0.480000 0.350000 0.120000 0.050000 
0.820000 0.170000 0.000000 0.010000 
0.050000 0.010000 0.900000 0.040000 
0.250000 0.020000 0.440000 0.290000 
0.210000 0.060000 0.100000 0.630000 

MOTIF model_5_filter_066 model_5_filter_066
letter-probability matrix: alength= 4 w= 13 nsites= 100
0.110000 0.170000 0.030000 0.690000 
0.620000 0.150000 0.010000 0.220000 
0.550000 0.080000 0.160000 0.210000 
0.000000 0.000000 0.040000 0.960000 
0.080000 0.000000 0.000000 0.920000 
0.220000 0.000000 0.000000 0.780000 
0.020000 0.660000 0.000000 0.320000 
0.770000 0.000000 0.230000 0.000000 
0.720000 0.020000 0.250000 0.010000 
0.310000 0.030000 0.660000 0.000000 
0.180000 0.590000 0.010000 0.220000 
0.610000 0.180000 0.190000 0.020000 
0.440000 0.150000 0.130000 0.280000 

MOTIF model_5_filter_067 model_5_filter_067
letter-probability matrix: alength= 4 w= 13 nsites= 100
0.340000 0.220000 0.350000 0.090000 
0.420000 0.290000 0.220000 0.070000 
1.000000 0.000000 0.000000 0.000000 
0.000000 0.000000 0.970000 0.030000 
0.370000 0.400000 0.010000 0.220000 
0.150000 0.700000 0.010000 0.140000 
0.710000 0.160000 0.110000 0.020000 
0.340000 0.330000 0.000000 0.330000 
0.000000 0.010000 0.000000 0.990000 
0.000000 0.000000 0.000000 1.000000 
0.000000 0.000000 0.030000 0.970000 
0.330000 0.070000 0.600000 0.000000 
0.480000 0.080000 0.250000 0.190000 

MOTIF model_5_filter_068 model_5_filter_068
letter-probability matrix: alength= 4 w= 13 nsites= 100
0.130000 0.600000 0.240000 0.030000 
0.750000 0.080000 0.090000 0.080000 
0.610000 0.000000 0.390000 0.000000 
0.490000 0.070000 0.200000 0.240000 
0.000000 0.000000 0.950000 0.050000 
