MEME version 4

ALPHABET= ACGU

strands: +

Background letter frequencies
A 0.25 C 0.25 G 0.25 U 0.25

MOTIF model_0_filter_001 model_0_filter_001
letter-probability matrix: alength= 4 w= 13 nsites= 100
0.270000 0.380000 0.160000 0.190000 
0.700000 0.130000 0.060000 0.110000 
0.610000 0.210000 0.000000 0.180000 
0.230000 0.740000 0.030000 0.000000 
1.000000 0.000000 0.000000 0.000000 
0.650000 0.340000 0.000000 0.010000 
0.720000 0.130000 0.150000 0.000000 
1.000000 0.000000 0.000000 0.000000 
0.000000 0.000000 0.000000 1.000000 
0.000000 0.010000 0.990000 0.000000 
0.160000 0.320000 0.270000 0.250000 
0.240000 0.610000 0.130000 0.020000 
0.150000 0.020000 0.340000 0.490000 

MOTIF model_0_filter_002 model_0_filter_002
letter-probability matrix: alength= 4 w= 13 nsites= 100
0.040000 0.550000 0.040000 0.370000 
0.620000 0.100000 0.130000 0.150000 
0.040000 0.430000 0.520000 0.010000 
0.050000 0.600000 0.240000 0.110000 
0.160000 0.170000 0.620000 0.050000 
0.960000 0.000000 0.040000 0.000000 
0.000000 0.020000 0.060000 0.920000 
0.000000 0.080000 0.920000 0.000000 
0.000000 0.010000 0.950000 0.040000 
0.520000 0.420000 0.060000 0.000000 
0.410000 0.310000 0.190000 0.090000 
0.790000 0.030000 0.150000 0.030000 
0.110000 0.060000 0.110000 0.720000 

MOTIF model_0_filter_004 model_0_filter_004
letter-probability matrix: alength= 4 w= 13 nsites= 100
0.280000 0.030000 0.550000 0.140000 
0.980000 0.000000 0.020000 0.000000 
0.730000 0.170000 0.080000 0.020000 
1.000000 0.000000 0.000000 0.000000 
0.000000 0.000000 0.000000 1.000000 
0.000000 0.000000 1.000000 0.000000 
0.880000 0.000000 0.120000 0.000000 
0.820000 0.000000 0.030000 0.150000 
0.370000 0.000000 0.630000 0.000000 
0.290000 0.110000 0.110000 0.490000 
0.030000 0.090000 0.760000 0.120000 
0.250000 0.260000 0.190000 0.300000 
0.240000 0.110000 0.340000 0.310000 

MOTIF model_0_filter_006 model_0_filter_006
letter-probability matrix: alength= 4 w= 13 nsites= 100
0.270000 0.450000 0.200000 0.080000 
0.220000 0.030000 0.230000 0.520000 
0.200000 0.000000 0.790000 0.010000 
0.960000 0.040000 0.000000 0.000000 
0.000000 0.000000 0.070000 0.930000 
0.000000 0.000000 1.000000 0.000000 
0.000000 0.140000 0.040000 0.820000 
0.000000 0.580000 0.420000 0.000000 
0.030000 0.290000 0.010000 0.670000 
0.020000 0.110000 0.510000 0.360000 
0.060000 0.020000 0.680000 0.240000 
0.060000 0.230000 0.390000 0.320000 
0.170000 0.270000 0.360000 0.200000 

MOTIF model_0_filter_012 model_0_filter_012
letter-probability matrix: alength= 4 w= 13 nsites= 100
0.140000 0.620000 0.110000 0.130000 
0.620000 0.050000 0.290000 0.040000 
0.170000 0.250000 0.180000 0.400000 
0.690000 0.000000 0.010000 0.300000 
1.000000 0.000000 0.000000 0.000000 
0.000000 0.000000 0.000000 1.000000 
0.000000 0.000000 1.000000 0.000000 
0.810000 0.130000 0.030000 0.030000 
0.480000 0.080000 0.040000 0.400000 
0.150000 0.490000 0.310000 0.050000 
0.000000 0.920000 0.000000 0.080000 
0.060000 0.190000 0.410000 0.340000 
0.110000 0.200000 0.490000 0.200000 

MOTIF model_0_filter_014 model_0_filter_014
letter-probability matrix: alength= 4 w= 13 nsites= 100
0.390000 0.100000 0.160000 0.350000 
0.710000 0.070000 0.120000 0.100000 
0.570000 0.160000 0.040000 0.230000 
1.000000 0.000000 0.000000 0.000000 
0.000000 0.000000 0.000000 1.000000 
0.000000 0.000000 1.000000 0.000000 
0.020000 0.000000 0.920000 0.060000 
0.490000 0.260000 0.250000 0.000000 
0.140000 0.030000 0.180000 0.650000 
0.070000 0.730000 0.050000 0.150000 
0.260000 0.080000 0.050000 0.610000 
0.310000 0.060000 0.300000 0.330000 
0.190000 0.460000 0.030000 0.320000 

MOTIF model_0_filter_018 model_0_filter_018
letter-probability matrix: alength= 4 w= 13 nsites= 100
0.250000 0.100000 0.260000 0.390000 
0.270000 0.130000 0.200000 0.400000 
0.080000 0.020000 0.000000 0.900000 
0.630000 0.000000 0.360000 0.010000 
0.600000 0.000000 0.000000 0.400000 
0.500000 0.000000 0.500000 0.000000 
0.960000 0.000000 0.040000 0.000000 
0.000000 0.000000 0.010000 0.990000 
0.000000 0.000000 1.000000 0.000000 
0.000000 0.760000 0.000000 0.240000 
0.050000 0.070000 0.100000 0.780000 
0.080000 0.010000 0.590000 0.320000 
0.340000 0.140000 0.020000 0.500000 

MOTIF model_0_filter_020 model_0_filter_020
letter-probability matrix: alength= 4 w= 13 nsites= 100
0.030000 0.110000 0.830000 0.030000 
0.240000 0.330000 0.150000 0.280000 
0.290000 0.520000 0.110000 0.080000 
0.670000 0.000000 0.330000 0.000000 
0.130000 0.150000 0.050000 0.670000 
0.170000 0.160000 0.610000 0.060000 
1.000000 0.000000 0.000000 0.000000 
0.000000 0.000000 0.000000 1.000000 
0.000000 0.000000 1.000000 0.000000 
0.050000 0.230000 0.480000 0.240000 
0.600000 0.130000 0.250000 0.020000 
0.120000 0.480000 0.140000 0.260000 
0.170000 0.140000 0.590000 0.100000 

MOTIF model_0_filter_021 model_0_filter_021
letter-probability matrix: alength= 4 w= 13 nsites= 100
0.140000 0.140000 0.490000 0.230000 
0.470000 0.150000 0.120000 0.260000 
0.470000 0.000000 0.050000 0.480000 
0.430000 0.000000 0.180000 0.390000 
1.000000 0.000000 0.000000 0.000000 
0.000000 0.000000 0.000000 1.000000 
0.000000 0.000000 1.000000 0.000000 
1.000000 0.000000 0.000000 0.000000 
0.060000 0.940000 0.000000 0.000000 
0.000000 0.060000 0.250000 0.690000 
0.120000 0.150000 0.120000 0.610000 
0.140000 0.360000 0.100000 0.400000 
0.440000 0.020000 0.080000 0.460000 

MOTIF model_0_filter_022 model_0_filter_022
letter-probability matrix: alength= 4 w= 13 nsites= 100
0.230000 0.420000 0.170000 0.180000 
0.170000 0.130000 0.550000 0.150000 
0.390000 0.300000 0.250000 0.060000 
0.990000 0.010000 0.000000 0.000000 
0.000000 0.000000 0.000000 1.000000 
0.000000 0.000000 1.000000 0.000000 
0.170000 0.000000 0.830000 0.000000 
0.290000 0.560000 0.150000 0.000000 
0.030000 0.910000 0.050000 0.010000 
0.120000 0.030000 0.470000 0.380000 
0.020000 0.180000 0.480000 0.320000 
0.190000 0.700000 0.010000 0.100000 
0.170000 0.380000 0.220000 0.230000 

MOTIF model_0_filter_025 model_0_filter_025
letter-probability matrix: alength= 4 w= 13 nsites= 100
0.280000 0.140000 0.160000 0.420000 
0.020000 0.140000 0.730000 0.110000 
0.100000 0.150000 0.130000 0.620000 
0.000000 0.000000 0.000000 1.000000 
0.000000 0.000000 1.000000 0.000000 
0.920000 0.000000 0.080000 0.000000 
0.140000 0.030000 0.100000 0.730000 
0.010000 0.000000 0.980000 0.010000 
0.040000 0.080000 0.680000 0.200000 
0.000000 0.000000 0.000000 1.000000 
0.000000 0.080000 0.550000 0.370000 
0.120000 0.020000 0.630000 0.230000 
0.200000 0.150000 0.070000 0.580000 

MOTIF model_0_filter_026 model_0_filter_026
letter-probability matrix: alength= 4 w= 13 nsites= 100
0.410000 0.070000 0.250000 0.270000 
0.320000 0.070000 0.010000 0.600000 
0.270000 0.190000 0.000000 0.540000 
1.000000 0.000000 0.000000 0.000000 
0.000000 0.000000 0.000000 1.000000 
0.000000 0.000000 1.000000 0.000000 
0.000000 0.300000 0.190000 0.510000 
0.990000 0.000000 0.010000 0.000000 
0.070000 0.010000 0.610000 0.310000 
0.140000 0.000000 0.430000 0.430000 
0.560000 0.050000 0.200000 0.190000 
0.310000 0.050000 0.060000 0.580000 
0.380000 0.120000 0.280000 0.220000 

MOTIF model_0_filter_028 model_0_filter_028
letter-probability matrix: alength= 4 w= 13 nsites= 100
0.520000 0.170000 0.210000 0.100000 
0.760000 0.020000 0.220000 0.000000 
0.000000 0.000000 0.020000 0.980000 
0.000000 0.000000 1.000000 0.000000 
0.050000 0.020000 0.930000 0.000000 
0.630000 0.020000 0.350000 0.000000 
0.610000 0.020000 0.070000 0.300000 
0.220000 0.000000 0.780000 0.000000 
0.740000 0.010000 0.100000 0.150000 
0.060000 0.010000 0.930000 0.000000 
0.330000 0.140000 0.380000 0.150000 
0.340000 0.030000 0.380000 0.250000 
0.190000 0.150000 0.280000 0.380000 

MOTIF model_0_filter_029 model_0_filter_029
letter-probability matrix: alength= 4 w= 13 nsites= 100
0.220000 0.350000 0.040000 0.390000 
0.430000 0.050000 0.520000 0.000000 
0.790000 0.190000 0.010000 0.010000 
0.430000 0.010000 0.560000 0.000000 
1.000000 0.000000 0.000000 0.000000 
0.000000 0.000000 0.000000 1.000000 
0.000000 0.000000 1.000000 0.000000 
0.000000 0.000000 1.000000 0.000000 
0.180000 0.790000 0.020000 0.010000 
0.080000 0.000000 0.760000 0.160000 
0.240000 0.310000 0.410000 0.040000 
0.470000 0.090000 0.340000 0.100000 
0.330000 0.180000 0.240000 0.250000 

MOTIF model_0_filter_030 model_0_filter_030
letter-probability matrix: alength= 4 w= 13 nsites= 100
0.590000 0.090000 0.120000 0.200000 
0.060000 0.000000 0.930000 0.010000 
0.250000 0.380000 0.070000 0.300000 
0.270000 0.440000 0.250000 0.040000 
0.970000 0.000000 0.030000 0.000000 
0.660000 0.000000 0.020000 0.320000 
0.000000 0.180000 0.780000 0.040000 
1.000000 0.000000 0.000000 0.000000 
0.000000 0.000000 0.000000 1.000000 
0.000000 0.000000 1.000000 0.000000 
0.040000 0.010000 0.850000 0.100000 
0.570000 0.300000 0.090000 0.040000 
0.310000 0.120000 0.440000 0.130000 

MOTIF model_0_filter_036 model_0_filter_036
letter-probability matrix: alength= 4 w= 13 nsites= 100
0.150000 0.250000 0.320000 0.280000 
0.070000 0.340000 0.070000 0.520000 
0.100000 0.010000 0.890000 0.000000 
0.230000 0.000000 0.770000 0.000000 
0.130000 0.030000 0.840000 0.000000 
1.000000 0.000000 0.000000 0.000000 
0.000000 0.000000 0.200000 0.800000 
0.000000 0.000000 1.000000 0.000000 
0.210000 0.240000 0.550000 0.000000 
0.290000 0.220000 0.470000 0.020000 
0.310000 0.030000 0.650000 0.010000 
0.590000 0.070000 0.260000 0.080000 
0.340000 0.420000 0.170000 0.070000 

MOTIF model_0_filter_040 model_0_filter_040
letter-probability matrix: alength= 4 w= 13 nsites= 100
0.130000 0.000000 0.180000 0.690000 
0.030000 0.030000 0.410000 0.530000 
0.060000 0.130000 0.800000 0.010000 
0.850000 0.010000 0.130000 0.010000 
0.010000 0.000000 0.530000 0.460000 
0.000000 0.000000 1.000000 0.000000 
0.980000 0.000000 0.020000 0.000000 
0.000000 0.160000 0.210000 0.630000 
0.000000 0.000000 1.000000 0.000000 
0.010000 0.010000 0.090000 0.890000 
0.110000 0.040000 0.660000 0.190000 
0.060000 0.060000 0.570000 0.310000 
0.140000 0.120000 0.230000 0.510000 

MOTIF model_0_filter_042 model_0_filter_042
letter-probability matrix: alength= 4 w= 13 nsites= 100
0.180000 0.220000 0.310000 0.290000 
0.060000 0.280000 0.580000 0.080000 
0.370000 0.390000 0.100000 0.140000 
0.990000 0.000000 0.010000 0.000000 
0.060000 0.000000 0.000000 0.940000 
0.000000 0.070000 0.740000 0.190000 
0.230000 0.120000 0.590000 0.060000 
0.000000 0.590000 0.000000 0.410000 
0.000000 0.000000 1.000000 0.000000 
0.710000 0.090000 0.200000 0.000000 
0.430000 0.000000 0.350000 0.220000 
0.510000 0.120000 0.020000 0.350000 
0.000000 0.030000 0.350000 0.620000 

MOTIF model_0_filter_049 model_0_filter_049
letter-probability matrix: alength= 4 w= 13 nsites= 100
0.360000 0.340000 0.170000 0.130000 
0.440000 0.100000 0.370000 0.090000 
0.130000 0.640000 0.150000 0.080000 
0.000000 0.400000 0.380000 0.220000 
1.000000 0.000000 0.000000 0.000000 
0.000000 0.000000 0.000000 1.000000 
0.000000 0.000000 1.000000 0.000000 
0.010000 0.020000 0.970000 0.000000 
0.200000 0.680000 0.070000 0.050000 
0.110000 0.030000 0.480000 0.380000 
0.040000 0.900000 0.020000 0.040000 
0.230000 0.020000 0.260000 0.490000 
0.120000 0.310000 0.250000 0.320000 

MOTIF model_0_filter_053 model_0_filter_053
letter-probability matrix: alength= 4 w= 13 nsites= 100
0.320000 0.370000 0.270000 0.040000 
0.930000 0.000000 0.020000 0.050000 
0.220000 0.000000 0.560000 0.220000 
0.460000 0.090000 0.360000 0.090000 
1.000000 0.000000 0.000000 0.000000 
0.000000 0.000000 0.000000 1.000000 
0.000000 0.000000 1.000000 0.000000 
0.800000 0.000000 0.170000 0.030000 
0.860000 0.090000 0.050000 0.000000 
0.650000 0.300000 0.030000 0.020000 
0.370000 0.220000 0.080000 0.330000 
0.040000 0.600000 0.350000 0.010000 
0.180000 0.510000 0.040000 0.270000 

MOTIF model_0_filter_062 model_0_filter_062
letter-probability matrix: alength= 4 w= 13 nsites= 100
0.300000 0.120000 0.520000 0.060000 
0.020000 0.300000 0.110000 0.570000 
0.220000 0.390000 0.000000 0.390000 
0.340000 0.000000 0.650000 0.010000 
0.000000 0.000000 0.000000 1.000000 
0.000000 1.000000 0.000000 0.000000 
1.000000 0.000000 0.000000 0.000000 
0.000000 0.000000 0.000000 1.000000 
0.000000 0.320000 0.680000 0.000000 
0.030000 0.020000 0.750000 0.200000 
0.040000 0.460000 0.310000 0.190000 
0.010000 0.450000 0.480000 0.060000 
0.310000 0.080000 0.250000 0.360000 

MOTIF model_0_filter_066 model_0_filter_066
letter-probability matrix: alength= 4 w= 13 nsites= 100
0.330000 0.110000 0.240000 0.320000 
0.510000 0.030000 0.130000 0.330000 
0.150000 0.330000 0.190000 0.330000 
0.700000 0.000000 0.300000 0.000000 
0.840000 0.020000 0.000000 0.140000 
0.900000 0.040000 0.000000 0.060000 
1.000000 0.000000 0.000000 0.000000 
0.000000 0.000000 0.000000 1.000000 
0.000000 0.020000 0.980000 0.000000 
0.970000 0.010000 0.000000 0.020000 
0.650000 0.000000 0.020000 0.330000 
0.120000 0.000000 0.220000 0.660000 
0.170000 0.280000 0.220000 0.330000 

MOTIF model_0_filter_067 model_0_filter_067
letter-probability matrix: alength= 4 w= 13 nsites= 100
0.590000 0.080000 0.240000 0.090000 
0.200000 0.010000 0.620000 0.170000 
0.250000 0.020000 0.360000 0.370000 
0.060000 0.360000 0.580000 0.000000 
1.000000 0.000000 0.000000 0.000000 
0.000000 0.000000 0.000000 1.000000 
0.000000 0.000000 1.000000 0.000000 
0.020000 0.470000 0.480000 0.030000 
0.450000 0.000000 0.550000 0.000000 
0.020000 0.380000 0.160000 0.440000 
0.020000 0.270000 0.500000 0.210000 
0.470000 0.200000 0.180000 0.150000 
0.020000 0.300000 0.600000 0.080000 

MOTIF model_0_filter_068 model_0_filter_068
letter-probability matrix: alength= 4 w= 13 nsites= 101
0.217822 0.029703 0.544554 0.207921 
0.396040 0.277228 0.099010 0.227723 
0.207921 0.722772 0.009901 0.059406 
1.000000 0.000000 0.000000 0.000000 
0.000000 0.000000 0.000000 1.000000 
0.000000 0.000000 1.000000 0.000000 
0.000000 0.009901 0.940594 0.049505 
0.039604 0.910891 0.009901 0.039604 
0.108911 0.811881 0.019802 0.059406 
0.425743 0.009901 0.405941 0.158416 
0.029703 0.504950 0.049505 0.415842 
0.227723 0.405941 0.178218 0.188119 
0.415842 0.237624 0.227723 0.118812 

MOTIF model_0_filter_070 model_0_filter_070
letter-probability matrix: alength= 4 w= 13 nsites= 100
0.090000 0.690000 0.160000 0.060000 
0.760000 0.200000 0.040000 0.000000 
0.610000 0.110000 0.090000 0.190000 
0.000000 0.380000 0.400000 0.220000 
0.970000 0.000000 0.030000 0.000000 
0.000000 0.000000 0.000000 1.000000 
0.000000 0.000000 1.000000 0.000000 
0.270000 0.350000 0.360000 0.020000 
0.000000 0.170000 0.010000 0.820000 
0.160000 0.150000 0.680000 0.010000 
0.260000 0.010000 0.710000 0.020000 
0.300000 0.040000 0.540000 0.120000 
0.230000 0.510000 0.110000 0.150000 

MOTIF model_0_filter_072 model_0_filter_072
letter-probability matrix: alength= 4 w= 13 nsites= 100
0.140000 0.160000 0.320000 0.380000 
0.100000 0.280000 0.310000 0.310000 
0.150000 0.040000 0.810000 0.000000 
0.070000 0.160000 0.340000 0.430000 
0.090000 0.040000 0.870000 0.000000 
1.000000 0.000000 0.000000 0.000000 
0.000000 0.010000 0.040000 0.950000 
0.000000 0.000000 1.000000 0.000000 
0.160000 0.250000 0.590000 0.000000 
0.290000 0.040000 0.040000 0.630000 
0.010000 0.000000 0.670000 0.320000 
0.020000 0.080000 0.850000 0.050000 
0.460000 0.240000 0.270000 0.030000 

MOTIF model_0_filter_089 model_0_filter_089
letter-probability matrix: alength= 4 w= 13 nsites= 100
0.730000 0.090000 0.030000 0.150000 
0.300000 0.010000 0.020000 0.670000 
0.310000 0.190000 0.330000 0.170000 
0.980000 0.020000 0.000000 0.000000 
1.000000 0.000000 0.000000 0.000000 
0.000000 0.000000 0.000000 1.000000 
0.000000 0.000000 1.000000 0.000000 
0.230000 0.020000 0.000000 0.750000 
0.960000 0.000000 0.040000 0.000000 
0.490000 0.030000 0.000000 0.480000 
0.550000 0.140000 0.260000 0.050000 
0.200000 0.210000 0.170000 0.420000 
0.380000 0.170000 0.150000 0.300000 

MOTIF model_0_filter_091 model_0_filter_091
letter-probability matrix: alength= 4 w= 13 nsites= 100
0.270000 0.100000 0.440000 0.190000 
0.050000 0.060000 0.190000 0.700000 
0.120000 0.760000 0.040000 0.080000 
0.900000 0.000000 0.100000 0.000000 
0.250000 0.410000 0.300000 0.040000 
0.250000 0.170000 0.320000 0.260000 
1.000000 0.000000 0.000000 0.000000 
0.000000 0.000000 0.000000 1.000000 
0.000000 0.000000 1.000000 0.000000 
0.120000 0.160000 0.690000 0.030000 
0.180000 0.720000 0.090000 0.010000 
0.160000 0.060000 0.400000 0.380000 
0.020000 0.520000 0.160000 0.300000 

MOTIF model_0_filter_092 model_0_filter_092
letter-probability matrix: alength= 4 w= 13 nsites= 100
0.060000 0.460000 0.460000 0.020000 
0.060000 0.700000 0.100000 0.140000 
0.890000 0.040000 0.060000 0.010000 
0.000000 0.000000 0.070000 0.930000 
0.000000 0.040000 0.960000 0.000000 
0.000000 0.240000 0.030000 0.730000 
0.000000 0.260000 0.740000 0.000000 
0.000000 0.300000 0.270000 0.430000 
0.300000 0.700000 0.000000 0.000000 
0.080000 0.720000 0.040000 0.160000 
0.040000 0.500000 0.140000 0.320000 
0.150000 0.310000 0.080000 0.460000 
0.100000 0.360000 0.280000 0.260000 

MOTIF model_0_filter_109 model_0_filter_109
letter-probability matrix: alength= 4 w= 13 nsites= 100
0.560000 0.140000 0.060000 0.240000 
0.050000 0.310000 0.330000 0.310000 
0.610000 0.180000 0.210000 0.000000 
0.670000 0.000000 0.120000 0.210000 
0.210000 0.110000 0.680000 0.000000 
0.000000 0.790000 0.160000 0.050000 
0.930000 0.050000 0.000000 0.020000 
0.000000 0.000000 0.000000 1.000000 
0.000000 0.000000 1.000000 0.000000 
0.030000 0.330000 0.180000 0.460000 
0.100000 0.560000 0.010000 0.330000 
0.280000 0.110000 0.430000 0.180000 
0.030000 0.140000 0.710000 0.120000 

MOTIF model_0_filter_115 model_0_filter_115
letter-probability matrix: alength= 4 w= 13 nsites= 100
0.120000 0.210000 0.250000 0.420000 
0.150000 0.400000 0.150000 0.300000 
0.150000 0.060000 0.100000 0.690000 
0.000000 0.020000 0.380000 0.600000 
0.970000 0.000000 0.000000 0.030000 
0.850000 0.000000 0.040000 0.110000 
0.970000 0.000000 0.030000 0.000000 
0.000000 0.000000 0.000000 1.000000 
0.000000 0.000000 1.000000 0.000000 
0.000000 0.010000 0.350000 0.640000 
0.660000 0.110000 0.050000 0.180000 
0.520000 0.000000 0.020000 0.460000 
0.520000 0.100000 0.180000 0.200000 

MOTIF model_0_filter_118 model_0_filter_118
letter-probability matrix: alength= 4 w= 13 nsites= 100
0.250000 0.550000 0.190000 0.010000 
1.000000 0.000000 0.000000 0.000000 
0.000000 0.300000 0.000000 0.700000 
0.000000 0.000000 1.000000 0.000000 
0.540000 0.430000 0.010000 0.020000 
0.000000 0.000000 0.000000 1.000000 
0.000000 0.000000 1.000000 0.000000 
0.020000 0.340000 0.480000 0.160000 
0.240000 0.440000 0.220000 0.100000 
0.060000 0.300000 0.380000 0.260000 
0.340000 0.130000 0.210000 0.320000 
0.250000 0.190000 0.030000 0.530000 
0.100000 0.070000 0.630000 0.200000 

MOTIF model_0_filter_123 model_0_filter_123
letter-probability matrix: alength= 4 w= 13 nsites= 100
0.300000 0.240000 0.240000 0.220000 
0.510000 0.110000 0.110000 0.270000 
0.000000 0.030000 0.010000 0.960000 
0.000000 0.000000 1.000000 0.000000 
0.710000 0.200000 0.060000 0.030000 
0.970000 0.000000 0.020000 0.010000 
1.000000 0.000000 0.000000 0.000000 
0.010000 0.000000 0.000000 0.990000 
0.000000 0.000000 1.000000 0.000000 
0.150000 0.020000 0.050000 0.780000 
0.090000 0.130000 0.490000 0.290000 
0.530000 0.130000 0.090000 0.250000 
0.510000 0.180000 0.120000 0.190000 

MOTIF model_0_filter_125 model_0_filter_125
letter-probability matrix: alength= 4 w= 13 nsites= 100
0.170000 0.110000 0.080000 0.640000 
0.190000 0.030000 0.030000 0.750000 
0.040000 0.080000 0.000000 0.880000 
0.010000 0.020000 0.000000 0.970000 
0.950000 0.000000 0.050000 0.000000 
0.940000 0.000000 0.000000 0.060000 
0.000000 0.340000 0.000000 0.660000 
0.060000 0.000000 0.940000 0.000000 
0.000000 0.620000 0.000000 0.380000 
0.420000 0.080000 0.130000 0.370000 
0.020000 0.060000 0.360000 0.560000 
0.030000 0.170000 0.000000 0.800000 
0.350000 0.080000 0.160000 0.410000 

MOTIF model_0_filter_126 model_0_filter_126
letter-probability matrix: alength= 4 w= 13 nsites= 100
0.140000 0.250000 0.520000 0.090000 
0.260000 0.350000 0.170000 0.220000 
0.010000 0.010000 0.800000 0.180000 
0.030000 0.660000 0.260000 0.050000 
0.570000 0.000000 0.380000 0.050000 
0.960000 0.000000 0.040000 0.000000 
0.000000 0.050000 0.000000 0.950000 
0.000000 0.000000 1.000000 0.000000 
0.000000 0.230000 0.770000 0.000000 
0.120000 0.050000 0.790000 0.040000 
0.240000 0.250000 0.020000 0.490000 
0.060000 0.350000 0.420000 0.170000 
0.220000 0.120000 0.430000 0.230000 

MOTIF model_1_filter_009 model_1_filter_009
letter-probability matrix: alength= 4 w= 13 nsites= 100
0.210000 0.090000 0.400000 0.300000 
0.570000 0.160000 0.250000 0.020000 
0.820000 0.000000 0.120000 0.060000 
0.000000 0.000000 0.000000 1.000000 
0.000000 0.000000 1.000000 0.000000 
0.390000 0.000000 0.610000 0.000000 
0.050000 0.000000 0.950000 0.000000 
0.880000 0.000000 0.090000 0.030000 
0.020000 0.000000 0.980000 0.000000 
0.960000 0.000000 0.010000 0.030000 
0.330000 0.140000 0.500000 0.030000 
0.410000 0.100000 0.290000 0.200000 
0.280000 0.120000 0.420000 0.180000 

MOTIF model_1_filter_010 model_1_filter_010
letter-probability matrix: alength= 4 w= 13 nsites= 100
0.130000 0.090000 0.540000 0.240000 
0.020000 0.520000 0.230000 0.230000 
0.660000 0.270000 0.050000 0.020000 
0.620000 0.040000 0.340000 0.000000 
0.840000 0.080000 0.000000 0.080000 
0.510000 0.070000 0.060000 0.360000 
1.000000 0.000000 0.000000 0.000000 
0.000000 0.000000 0.000000 1.000000 
0.000000 0.000000 1.000000 0.000000 
0.110000 0.520000 0.210000 0.160000 
0.960000 0.040000 0.000000 0.000000 
0.230000 0.020000 0.110000 0.640000 
0.390000 0.200000 0.210000 0.200000 

MOTIF model_1_filter_014 model_1_filter_014
letter-probability matrix: alength= 4 w= 13 nsites= 100
0.150000 0.400000 0.390000 0.060000 
0.770000 0.000000 0.200000 0.030000 
0.610000 0.250000 0.140000 0.000000 
0.870000 0.000000 0.130000 0.000000 
0.000000 0.000000 0.000000 1.000000 
0.010000 0.030000 0.960000 0.000000 
0.910000 0.020000 0.070000 0.000000 
0.000000 0.000000 0.000000 1.000000 
0.010000 0.000000 0.990000 0.000000 
0.620000 0.060000 0.050000 0.270000 
0.160000 0.230000 0.210000 0.400000 
0.140000 0.160000 0.200000 0.500000 
0.210000 0.080000 0.240000 0.470000 

MOTIF model_1_filter_015 model_1_filter_015
letter-probability matrix: alength= 4 w= 13 nsites= 100
0.090000 0.140000 0.020000 0.750000 
0.030000 0.120000 0.300000 0.550000 
0.720000 0.030000 0.120000 0.130000 
0.330000 0.050000 0.100000 0.520000 
1.000000 0.000000 0.000000 0.000000 
0.710000 0.000000 0.090000 0.200000 
1.000000 0.000000 0.000000 0.000000 
0.000000 0.000000 0.000000 1.000000 
0.110000 0.000000 0.890000 0.000000 
0.410000 0.060000 0.010000 0.520000 
0.020000 0.450000 0.060000 0.470000 
0.080000 0.020000 0.010000 0.890000 
0.460000 0.250000 0.180000 0.110000 

MOTIF model_1_filter_021 model_1_filter_021
letter-probability matrix: alength= 4 w= 13 nsites= 100
0.110000 0.200000 0.260000 0.430000 
0.070000 0.000000 0.930000 0.000000 
0.300000 0.250000 0.060000 0.390000 
0.730000 0.240000 0.000000 0.030000 
0.720000 0.150000 0.050000 0.080000 
0.680000 0.030000 0.240000 0.050000 
0.180000 0.280000 0.530000 0.010000 
1.000000 0.000000 0.000000 0.000000 
0.000000 0.000000 0.000000 1.000000 
0.000000 0.000000 1.000000 0.000000 
0.380000 0.000000 0.600000 0.020000 
0.360000 0.020000 0.620000 0.000000 
0.240000 0.160000 0.360000 0.240000 

MOTIF model_1_filter_022 model_1_filter_022
letter-probability matrix: alength= 4 w= 13 nsites= 101
0.099010 0.000000 0.346535 0.554455 
0.316832 0.366337 0.158416 0.158416 
0.653465 0.118812 0.079208 0.148515 
0.000000 0.000000 0.009901 0.990099 
0.000000 0.029703 0.970297 0.000000 
0.039604 0.029703 0.079208 0.851485 
0.000000 0.297030 0.643564 0.059406 
0.019802 0.000000 0.702970 0.277228 
0.000000 0.000000 0.960396 0.039604 
0.009901 0.000000 0.000000 0.990099 
0.079208 0.029703 0.287129 0.603960 
0.039604 0.000000 0.336634 0.623762 
0.168317 0.009901 0.148515 0.673267 

MOTIF model_1_filter_027 model_1_filter_027
letter-probability matrix: alength= 4 w= 13 nsites= 100
0.260000 0.340000 0.100000 0.300000 
0.250000 0.570000 0.140000 0.040000 
1.000000 0.000000 0.000000 0.000000 
0.000000 0.000000 0.000000 1.000000 
0.000000 0.010000 0.990000 0.000000 
0.080000 0.050000 0.170000 0.700000 
0.970000 0.020000 0.010000 0.000000 
0.180000 0.420000 0.050000 0.350000 
0.630000 0.300000 0.040000 0.030000 
0.140000 0.020000 0.000000 0.840000 
0.540000 0.010000 0.310000 0.140000 
0.150000 0.590000 0.150000 0.110000 
0.560000 0.120000 0.070000 0.250000 

MOTIF model_1_filter_028 model_1_filter_028
letter-probability matrix: alength= 4 w= 13 nsites= 100
0.380000 0.050000 0.420000 0.150000 
0.070000 0.720000 0.080000 0.130000 
0.110000 0.310000 0.140000 0.440000 
0.410000 0.000000 0.590000 0.000000 
0.350000 0.380000 0.000000 0.270000 
0.000000 0.620000 0.300000 0.080000 
1.000000 0.000000 0.000000 0.000000 
0.000000 0.020000 0.000000 0.980000 
0.000000 0.120000 0.880000 0.000000 
0.260000 0.220000 0.220000 0.300000 
0.280000 0.190000 0.320000 0.210000 
0.000000 0.880000 0.110000 0.010000 
0.330000 0.230000 0.180000 0.260000 

MOTIF model_1_filter_047 model_1_filter_047
letter-probability matrix: alength= 4 w= 13 nsites= 100
0.010000 0.620000 0.230000 0.140000 
0.650000 0.030000 0.310000 0.010000 
0.980000 0.020000 0.000000 0.000000 
0.820000 0.180000 0.000000 0.000000 
1.000000 0.000000 0.000000 0.000000 
0.120000 0.000000 0.000000 0.880000 
0.000000 0.000000 1.000000 0.000000 
0.100000 0.010000 0.830000 0.060000 
0.270000 0.730000 0.000000 0.000000 
0.000000 0.010000 0.920000 0.070000 
0.340000 0.210000 0.360000 0.090000 
0.160000 0.620000 0.070000 0.150000 
0.170000 0.330000 0.440000 0.060000 

MOTIF model_1_filter_053 model_1_filter_053
letter-probability matrix: alength= 4 w= 13 nsites= 100
0.110000 0.290000 0.260000 0.340000 
0.100000 0.410000 0.250000 0.240000 
0.010000 0.270000 0.370000 0.350000 
0.080000 0.300000 0.620000 0.000000 
1.000000 0.000000 0.000000 0.000000 
0.120000 0.000000 0.000000 0.880000 
0.000000 0.000000 1.000000 0.000000 
0.000000 0.000000 1.000000 0.000000 
0.000000 0.000000 1.000000 0.000000 
0.320000 0.300000 0.270000 0.110000 
0.360000 0.000000 0.170000 0.470000 
0.020000 0.020000 0.350000 0.610000 
0.100000 0.180000 0.320000 0.400000 

MOTIF model_1_filter_055 model_1_filter_055
letter-probability matrix: alength= 4 w= 13 nsites= 100
0.240000 0.160000 0.250000 0.350000 
0.030000 0.120000 0.020000 0.830000 
0.750000 0.120000 0.050000 0.080000 
0.000000 0.020000 0.000000 0.980000 
0.030000 0.030000 0.780000 0.160000 
0.810000 0.060000 0.100000 0.030000 
1.000000 0.000000 0.000000 0.000000 
0.190000 0.000000 0.020000 0.790000 
1.000000 0.000000 0.000000 0.000000 
0.180000 0.410000 0.000000 0.410000 
0.080000 0.010000 0.080000 0.830000 
0.420000 0.090000 0.060000 0.430000 
0.520000 0.140000 0.030000 0.310000 

MOTIF model_1_filter_056 model_1_filter_056
letter-probability matrix: alength= 4 w= 13 nsites= 100
0.150000 0.010000 0.830000 0.010000 
0.280000 0.570000 0.030000 0.120000 
0.290000 0.580000 0.020000 0.110000 
1.000000 0.000000 0.000000 0.000000 
0.000000 0.000000 0.000000 1.000000 
0.000000 0.000000 1.000000 0.000000 
0.040000 0.000000 0.520000 0.440000 
0.290000 0.270000 0.330000 0.110000 
0.090000 0.210000 0.130000 0.570000 
0.030000 0.530000 0.040000 0.400000 
0.110000 0.160000 0.300000 0.430000 
0.090000 0.370000 0.060000 0.480000 
0.080000 0.520000 0.050000 0.350000 

MOTIF model_1_filter_064 model_1_filter_064
letter-probability matrix: alength= 4 w= 13 nsites= 100
0.220000 0.370000 0.330000 0.080000 
0.130000 0.400000 0.280000 0.190000 
0.450000 0.020000 0.470000 0.060000 
0.020000 0.880000 0.080000 0.020000 
0.410000 0.270000 0.020000 0.300000 
0.060000 0.460000 0.480000 0.000000 
0.550000 0.220000 0.210000 0.020000 
1.000000 0.000000 0.000000 0.000000 
0.000000 0.020000 0.000000 0.980000 
0.000000 0.010000 0.920000 0.070000 
0.090000 0.000000 0.890000 0.020000 
0.080000 0.050000 0.850000 0.020000 
0.250000 0.120000 0.420000 0.210000 

MOTIF model_1_filter_065 model_1_filter_065
letter-probability matrix: alength= 4 w= 13 nsites= 100
0.500000 0.020000 0.230000 0.250000 
0.250000 0.240000 0.310000 0.200000 
0.920000 0.000000 0.080000 0.000000 
0.000000 0.000000 0.020000 0.980000 
0.000000 0.200000 0.720000 0.080000 
0.990000 0.000000 0.010000 0.000000 
0.140000 0.000000 0.000000 0.860000 
0.000000 0.000000 1.000000 0.000000 
0.890000 0.020000 0.000000 0.090000 
0.010000 0.000000 0.580000 0.410000 
0.050000 0.000000 0.890000 0.060000 
0.420000 0.200000 0.310000 0.070000 
0.420000 0.110000 0.180000 0.290000 

MOTIF model_1_filter_069 model_1_filter_069
letter-probability matrix: alength= 4 w= 13 nsites= 100
0.720000 0.060000 0.050000 0.170000 
0.170000 0.350000 0.210000 0.270000 
0.900000 0.070000 0.030000 0.000000 
0.920000 0.080000 0.000000 0.000000 
0.480000 0.310000 0.000000 0.210000 
0.920000 0.000000 0.070000 0.010000 
1.000000 0.000000 0.000000 0.000000 
1.000000 0.000000 0.000000 0.000000 
0.700000 0.230000 0.000000 0.070000 
0.930000 0.050000 0.020000 0.000000 
0.040000 0.000000 0.070000 0.890000 
0.110000 0.100000 0.780000 0.010000 
0.540000 0.180000 0.080000 0.200000 

MOTIF model_1_filter_070 model_1_filter_070
letter-probability matrix: alength= 4 w= 13 nsites= 100
0.350000 0.160000 0.190000 0.300000 
0.230000 0.430000 0.030000 0.310000 
0.820000 0.000000 0.180000 0.000000 
0.540000 0.220000 0.000000 0.240000 
0.870000 0.070000 0.040000 0.020000 
1.000000 0.000000 0.000000 0.000000 
0.000000 0.000000 0.000000 1.000000 
0.000000 0.000000 1.000000 0.000000 
0.180000 0.110000 0.710000 0.000000 
0.830000 0.170000 0.000000 0.000000 
0.050000 0.230000 0.610000 0.110000 
0.480000 0.340000 0.080000 0.100000 
0.140000 0.080000 0.600000 0.180000 

MOTIF model_1_filter_080 model_1_filter_080
letter-probability matrix: alength= 4 w= 13 nsites= 100
0.270000 0.090000 0.290000 0.350000 
0.010000 0.300000 0.680000 0.010000 
0.720000 0.170000 0.030000 0.080000 
0.320000 0.020000 0.210000 0.450000 
0.010000 0.010000 0.910000 0.070000 
0.070000 0.150000 0.740000 0.040000 
1.000000 0.000000 0.000000 0.000000 
0.000000 0.000000 0.000000 1.000000 
0.010000 0.000000 0.990000 0.000000 
0.050000 0.000000 0.070000 0.880000 
0.040000 0.100000 0.270000 0.590000 
0.440000 0.270000 0.130000 0.160000 
0.100000 0.100000 0.540000 0.260000 

MOTIF model_1_filter_086 model_1_filter_086
letter-probability matrix: alength= 4 w= 13 nsites= 100
0.200000 0.150000 0.480000 0.170000 
0.080000 0.480000 0.050000 0.390000 
0.600000 0.230000 0.170000 0.000000 
0.110000 0.000000 0.890000 0.000000 
0.000000 0.640000 0.000000 0.360000 
0.190000 0.720000 0.070000 0.020000 
1.000000 0.000000 0.000000 0.000000 
0.000000 0.000000 0.000000 1.000000 
0.000000 0.000000 1.000000 0.000000 
0.550000 0.130000 0.310000 0.010000 
0.200000 0.290000 0.070000 0.440000 
0.120000 0.020000 0.450000 0.410000 
0.500000 0.160000 0.080000 0.260000 

MOTIF model_1_filter_088 model_1_filter_088
letter-probability matrix: alength= 4 w= 13 nsites= 100
0.540000 0.070000 0.250000 0.140000 
0.670000 0.190000 0.080000 0.060000 
0.730000 0.220000 0.000000 0.050000 
1.000000 0.000000 0.000000 0.000000 
0.000000 0.000000 0.000000 1.000000 
0.000000 0.000000 1.000000 0.000000 
0.420000 0.050000 0.000000 0.530000 
0.480000 0.000000 0.520000 0.000000 
0.170000 0.000000 0.000000 0.830000 
0.260000 0.200000 0.020000 0.520000 
0.080000 0.050000 0.000000 0.870000 
0.440000 0.010000 0.220000 0.330000 
0.280000 0.260000 0.040000 0.420000 

MOTIF model_1_filter_094 model_1_filter_094
letter-probability matrix: alength= 4 w= 13 nsites= 100
0.150000 0.060000 0.000000 0.790000 
0.050000 0.110000 0.840000 0.000000 
0.900000 0.100000 0.000000 0.000000 
0.000000 0.000000 0.120000 0.880000 
0.000000 0.000000 1.000000 0.000000 
1.000000 0.000000 0.000000 0.000000 
0.000000 0.000000 0.000000 1.000000 
0.000000 0.000000 1.000000 0.000000 
0.170000 0.140000 0.470000 0.220000 
0.110000 0.410000 0.160000 0.320000 
0.080000 0.060000 0.430000 0.430000 
0.220000 0.290000 0.210000 0.280000 
0.170000 0.210000 0.300000 0.320000 

MOTIF model_1_filter_095 model_1_filter_095
letter-probability matrix: alength= 4 w= 13 nsites= 100
0.270000 0.120000 0.460000 0.150000 
0.390000 0.090000 0.280000 0.240000 
0.020000 0.190000 0.670000 0.120000 
0.720000 0.080000 0.200000 0.000000 
0.010000 0.050000 0.890000 0.050000 
0.000000 0.990000 0.010000 0.000000 
1.000000 0.000000 0.000000 0.000000 
0.000000 0.000000 0.300000 0.700000 
0.000000 0.030000 0.970000 0.000000 
0.140000 0.080000 0.180000 0.600000 
0.010000 0.090000 0.030000 0.870000 
0.000000 0.110000 0.090000 0.800000 
0.110000 0.150000 0.080000 0.660000 

MOTIF model_1_filter_099 model_1_filter_099
letter-probability matrix: alength= 4 w= 13 nsites= 100
0.330000 0.000000 0.450000 0.220000 
0.090000 0.180000 0.280000 0.450000 
0.160000 0.340000 0.010000 0.490000 
0.230000 0.330000 0.000000 0.440000 
0.110000 0.000000 0.890000 0.000000 
0.040000 0.130000 0.080000 0.750000 
0.150000 0.580000 0.000000 0.270000 
1.000000 0.000000 0.000000 0.000000 
0.000000 0.000000 0.000000 1.000000 
0.000000 0.000000 1.000000 0.000000 
0.210000 0.060000 0.430000 0.300000 
0.250000 0.450000 0.140000 0.160000 
0.380000 0.100000 0.220000 0.300000 

MOTIF model_1_filter_100 model_1_filter_100
letter-probability matrix: alength= 4 w= 13 nsites= 100
0.190000 0.120000 0.470000 0.220000 
0.200000 0.030000 0.080000 0.690000 
0.010000 0.000000 0.840000 0.150000 
0.470000 0.000000 0.030000 0.500000 
1.000000 0.000000 0.000000 0.000000 
0.000000 0.000000 0.000000 1.000000 
0.000000 0.000000 1.000000 0.000000 
0.000000 0.000000 0.000000 1.000000 
0.560000 0.000000 0.000000 0.440000 
0.120000 0.020000 0.000000 0.860000 
0.160000 0.000000 0.330000 0.510000 
0.520000 0.020000 0.190000 0.270000 
0.190000 0.260000 0.210000 0.340000 

MOTIF model_1_filter_105 model_1_filter_105
letter-probability matrix: alength= 4 w= 13 nsites= 100
0.270000 0.430000 0.220000 0.080000 
0.290000 0.060000 0.550000 0.100000 
0.110000 0.160000 0.460000 0.270000 
0.000000 0.980000 0.020000 0.000000 
0.970000 0.000000 0.030000 0.000000 
0.400000 0.100000 0.490000 0.010000 
0.050000 0.320000 0.460000 0.170000 
1.000000 0.000000 0.000000 0.000000 
0.000000 0.000000 0.000000 1.000000 
0.000000 0.000000 1.000000 0.000000 
0.090000 0.020000 0.830000 0.060000 
0.490000 0.280000 0.130000 0.100000 
0.200000 0.070000 0.650000 0.080000 

MOTIF model_1_filter_107 model_1_filter_107
letter-probability matrix: alength= 4 w= 13 nsites= 100
0.440000 0.150000 0.160000 0.250000 
0.140000 0.580000 0.200000 0.080000 
0.260000 0.000000 0.720000 0.020000 
0.050000 0.160000 0.690000 0.100000 
0.060000 0.160000 0.300000 0.480000 
1.000000 0.000000 0.000000 0.000000 
0.000000 0.000000 0.000000 1.000000 
0.000000 0.000000 1.000000 0.000000 
0.100000 0.040000 0.580000 0.280000 
0.050000 0.700000 0.030000 0.220000 
0.020000 0.740000 0.180000 0.060000 
0.120000 0.200000 0.640000 0.040000 
0.070000 0.350000 0.180000 0.400000 

MOTIF model_1_filter_126 model_1_filter_126
letter-probability matrix: alength= 4 w= 13 nsites= 100
0.240000 0.070000 0.560000 0.130000 
0.040000 0.630000 0.070000 0.260000 
0.170000 0.760000 0.070000 0.000000 
0.990000 0.010000 0.000000 0.000000 
0.070000 0.040000 0.070000 0.820000 
0.000000 0.000000 0.960000 0.040000 
0.280000 0.140000 0.560000 0.020000 
0.750000 0.250000 0.000000 0.000000 
0.020000 0.020000 0.920000 0.040000 
0.080000 0.100000 0.660000 0.160000 
0.150000 0.840000 0.010000 0.000000 
0.580000 0.230000 0.060000 0.130000 
0.040000 0.410000 0.420000 0.130000 

MOTIF model_1_filter_127 model_1_filter_127
letter-probability matrix: alength= 4 w= 13 nsites= 100
0.330000 0.080000 0.230000 0.360000 
0.170000 0.230000 0.190000 0.410000 
0.280000 0.610000 0.110000 0.000000 
1.000000 0.000000 0.000000 0.000000 
0.180000 0.030000 0.570000 0.220000 
0.340000 0.020000 0.530000 0.110000 
1.000000 0.000000 0.000000 0.000000 
0.000000 0.000000 0.000000 1.000000 
0.000000 0.000000 1.000000 0.000000 
0.580000 0.120000 0.230000 0.070000 
0.660000 0.250000 0.030000 0.060000 
0.220000 0.060000 0.000000 0.720000 
0.080000 0.200000 0.090000 0.630000 

MOTIF model_2_filter_001 model_2_filter_001
letter-probability matrix: alength= 4 w= 13 nsites= 100
0.130000 0.580000 0.220000 0.070000 
0.640000 0.140000 0.190000 0.030000 
0.500000 0.170000 0.030000 0.300000 
0.150000 0.000000 0.740000 0.110000 
0.970000 0.000000 0.030000 0.000000 
0.000000 0.000000 0.050000 0.950000 
0.000000 0.000000 1.000000 0.000000 
0.000000 0.180000 0.020000 0.800000 
0.010000 0.880000 0.110000 0.000000 
0.370000 0.190000 0.190000 0.250000 
0.070000 0.300000 0.440000 0.190000 
0.040000 0.440000 0.450000 0.070000 
0.300000 0.300000 0.140000 0.260000 

MOTIF model_2_filter_006 model_2_filter_006
letter-probability matrix: alength= 4 w= 13 nsites= 100
0.090000 0.510000 0.100000 0.300000 
0.920000 0.020000 0.040000 0.020000 
0.480000 0.240000 0.140000 0.140000 
0.550000 0.120000 0.290000 0.040000 
1.000000 0.000000 0.000000 0.000000 
0.000000 0.000000 0.000000 1.000000 
0.000000 0.000000 1.000000 0.000000 
0.480000 0.050000 0.180000 0.290000 
0.980000 0.000000 0.020000 0.000000 
0.150000 0.010000 0.000000 0.840000 
0.040000 0.390000 0.330000 0.240000 
0.520000 0.120000 0.210000 0.150000 
0.260000 0.180000 0.300000 0.260000 

MOTIF model_2_filter_007 model_2_filter_007
letter-probability matrix: alength= 4 w= 13 nsites= 101
0.059406 0.425743 0.108911 0.405941 
0.099010 0.297030 0.168317 0.435644 
0.009901 0.168317 0.752475 0.069307 
0.069307 0.158416 0.089109 0.683168 
0.207921 0.366337 0.316832 0.108911 
1.000000 0.000000 0.000000 0.000000 
0.000000 0.000000 0.000000 1.000000 
0.000000 0.000000 1.000000 0.000000 
0.693069 0.000000 0.168317 0.138614 
0.247525 0.752475 0.000000 0.000000 
0.168317 0.029703 0.000000 0.801980 
0.059406 0.633663 0.178218 0.128713 
0.158416 0.287129 0.079208 0.475248 

MOTIF model_2_filter_009 model_2_filter_009
letter-probability matrix: alength= 4 w= 13 nsites= 100
0.230000 0.180000 0.290000 0.300000 
0.280000 0.250000 0.290000 0.180000 
0.750000 0.120000 0.130000 0.000000 
0.700000 0.090000 0.090000 0.120000 
0.130000 0.150000 0.000000 0.720000 
1.000000 0.000000 0.000000 0.000000 
0.000000 0.000000 0.000000 1.000000 
0.000000 0.000000 1.000000 0.000000 
0.000000 0.000000 0.120000 0.880000 
0.260000 0.020000 0.130000 0.590000 
0.160000 0.000000 0.030000 0.810000 
0.120000 0.000000 0.810000 0.070000 
0.190000 0.140000 0.200000 0.470000 

MOTIF model_2_filter_015 model_2_filter_015
letter-probability matrix: alength= 4 w= 13 nsites= 100
0.510000 0.170000 0.090000 0.230000 
0.360000 0.120000 0.380000 0.140000 
0.100000 0.390000 0.450000 0.060000 
0.470000 0.430000 0.030000 0.070000 
0.970000 0.000000 0.030000 0.000000 
0.890000 0.060000 0.050000 0.000000 
0.610000 0.300000 0.080000 0.010000 
1.000000 0.000000 0.000000 0.000000 
0.000000 0.000000 0.000000 1.000000 
0.000000 0.000000 1.000000 0.000000 
0.000000 0.040000 0.960000 0.000000 
0.370000 0.620000 0.010000 0.000000 
0.300000 0.000000 0.590000 0.110000 

MOTIF model_2_filter_025 model_2_filter_025
letter-probability matrix: alength= 4 w= 13 nsites= 100
0.480000 0.100000 0.330000 0.090000 
0.120000 0.770000 0.030000 0.080000 
0.250000 0.620000 0.100000 0.030000 
1.000000 0.000000 0.000000 0.000000 
0.320000 0.030000 0.000000 0.650000 
0.050000 0.270000 0.670000 0.010000 
1.000000 0.000000 0.000000 0.000000 
0.000000 0.000000 0.000000 1.000000 
0.000000 0.020000 0.980000 0.000000 
0.030000 0.020000 0.760000 0.190000 
0.200000 0.690000 0.000000 0.110000 
0.210000 0.040000 0.540000 0.210000 
0.380000 0.180000 0.310000 0.130000 

MOTIF model_2_filter_031 model_2_filter_031
letter-probability matrix: alength= 4 w= 13 nsites= 100
0.160000 0.150000 0.430000 0.260000 
0.470000 0.130000 0.020000 0.380000 
0.020000 0.830000 0.000000 0.150000 
1.000000 0.000000 0.000000 0.000000 
0.000000 0.000000 0.000000 1.000000 
