MEME version 4

ALPHABET= ACGU

strands: +

Background letter frequencies
A 0.25 C 0.25 G 0.25 U 0.25

MOTIF model_0_filter_000 model_0_filter_000
letter-probability matrix: alength= 4 w= 13 nsites= 100
0.310000 0.230000 0.260000 0.200000 
0.060000 0.270000 0.220000 0.450000 
0.000000 0.620000 0.040000 0.340000 
0.000000 0.000000 0.900000 0.100000 
0.000000 0.160000 0.100000 0.740000 
0.000000 1.000000 0.000000 0.000000 
0.990000 0.000000 0.010000 0.000000 
0.000000 0.000000 0.530000 0.470000 
0.000000 0.020000 0.980000 0.000000 
0.020000 0.190000 0.670000 0.120000 
0.090000 0.560000 0.140000 0.210000 
0.030000 0.040000 0.700000 0.230000 
0.060000 0.080000 0.700000 0.160000 

MOTIF model_0_filter_001 model_0_filter_001
letter-probability matrix: alength= 4 w= 13 nsites= 100
0.270000 0.380000 0.160000 0.190000 
0.700000 0.130000 0.060000 0.110000 
0.610000 0.210000 0.000000 0.180000 
0.230000 0.740000 0.030000 0.000000 
1.000000 0.000000 0.000000 0.000000 
0.650000 0.340000 0.000000 0.010000 
0.720000 0.130000 0.150000 0.000000 
1.000000 0.000000 0.000000 0.000000 
0.000000 0.000000 0.000000 1.000000 
0.000000 0.010000 0.990000 0.000000 
0.160000 0.320000 0.270000 0.250000 
0.240000 0.610000 0.130000 0.020000 
0.150000 0.020000 0.340000 0.490000 

MOTIF model_0_filter_002 model_0_filter_002
letter-probability matrix: alength= 4 w= 13 nsites= 100
0.040000 0.550000 0.040000 0.370000 
0.620000 0.100000 0.130000 0.150000 
0.040000 0.430000 0.520000 0.010000 
0.050000 0.600000 0.240000 0.110000 
0.160000 0.170000 0.620000 0.050000 
0.960000 0.000000 0.040000 0.000000 
0.000000 0.020000 0.060000 0.920000 
0.000000 0.080000 0.920000 0.000000 
0.000000 0.010000 0.950000 0.040000 
0.520000 0.420000 0.060000 0.000000 
0.410000 0.310000 0.190000 0.090000 
0.790000 0.030000 0.150000 0.030000 
0.110000 0.060000 0.110000 0.720000 

MOTIF model_0_filter_003 model_0_filter_003
letter-probability matrix: alength= 4 w= 13 nsites= 100
0.520000 0.040000 0.340000 0.100000 
0.000000 0.010000 0.110000 0.880000 
0.000000 0.010000 0.000000 0.990000 
0.000000 0.000000 0.740000 0.260000 
0.010000 0.000000 0.900000 0.090000 
0.990000 0.000000 0.000000 0.010000 
0.440000 0.410000 0.060000 0.090000 
0.240000 0.260000 0.400000 0.100000 
0.150000 0.620000 0.170000 0.060000 
0.910000 0.070000 0.000000 0.020000 
0.320000 0.280000 0.370000 0.030000 
0.600000 0.360000 0.000000 0.040000 
0.290000 0.100000 0.420000 0.190000 

MOTIF model_0_filter_004 model_0_filter_004
letter-probability matrix: alength= 4 w= 13 nsites= 100
0.280000 0.030000 0.550000 0.140000 
0.980000 0.000000 0.020000 0.000000 
0.730000 0.170000 0.080000 0.020000 
1.000000 0.000000 0.000000 0.000000 
0.000000 0.000000 0.000000 1.000000 
0.000000 0.000000 1.000000 0.000000 
0.880000 0.000000 0.120000 0.000000 
0.820000 0.000000 0.030000 0.150000 
0.370000 0.000000 0.630000 0.000000 
0.290000 0.110000 0.110000 0.490000 
0.030000 0.090000 0.760000 0.120000 
0.250000 0.260000 0.190000 0.300000 
0.240000 0.110000 0.340000 0.310000 

MOTIF model_0_filter_005 model_0_filter_005
letter-probability matrix: alength= 4 w= 13 nsites= 100
0.070000 0.070000 0.370000 0.490000 
0.420000 0.000000 0.110000 0.470000 
0.000000 0.010000 0.860000 0.130000 
0.000000 0.000000 0.000000 1.000000 
0.150000 0.000000 0.810000 0.040000 
0.000000 0.000000 0.020000 0.980000 
0.010000 0.090000 0.900000 0.000000 
0.000000 0.460000 0.070000 0.470000 
0.010000 0.000000 0.600000 0.390000 
0.000000 0.000000 0.190000 0.810000 
0.010000 0.010000 0.900000 0.080000 
0.020000 0.020000 0.850000 0.110000 
0.270000 0.290000 0.190000 0.250000 

MOTIF model_0_filter_006 model_0_filter_006
letter-probability matrix: alength= 4 w= 13 nsites= 100
0.270000 0.450000 0.200000 0.080000 
0.220000 0.030000 0.230000 0.520000 
0.200000 0.000000 0.790000 0.010000 
0.960000 0.040000 0.000000 0.000000 
0.000000 0.000000 0.070000 0.930000 
0.000000 0.000000 1.000000 0.000000 
0.000000 0.140000 0.040000 0.820000 
0.000000 0.580000 0.420000 0.000000 
0.030000 0.290000 0.010000 0.670000 
0.020000 0.110000 0.510000 0.360000 
0.060000 0.020000 0.680000 0.240000 
0.060000 0.230000 0.390000 0.320000 
0.170000 0.270000 0.360000 0.200000 

MOTIF model_0_filter_007 model_0_filter_007
letter-probability matrix: alength= 4 w= 13 nsites= 100
0.180000 0.300000 0.220000 0.300000 
0.050000 0.210000 0.120000 0.620000 
0.130000 0.190000 0.020000 0.660000 
0.000000 0.030000 0.970000 0.000000 
0.000000 0.000000 0.000000 1.000000 
0.000000 0.000000 0.000000 1.000000 
0.000000 0.000000 0.000000 1.000000 
0.550000 0.000000 0.000000 0.450000 
0.000000 0.000000 0.140000 0.860000 
0.980000 0.000000 0.000000 0.020000 
0.000000 0.460000 0.540000 0.000000 
0.370000 0.510000 0.060000 0.060000 
0.360000 0.150000 0.300000 0.190000 

MOTIF model_0_filter_008 model_0_filter_008
letter-probability matrix: alength= 4 w= 13 nsites= 100
0.410000 0.180000 0.320000 0.090000 
0.500000 0.300000 0.160000 0.040000 
0.380000 0.190000 0.360000 0.070000 
0.050000 0.040000 0.330000 0.580000 
1.000000 0.000000 0.000000 0.000000 
0.000000 0.000000 1.000000 0.000000 
0.280000 0.140000 0.550000 0.030000 
0.700000 0.090000 0.170000 0.040000 
0.000000 1.000000 0.000000 0.000000 
0.000000 0.090000 0.040000 0.870000 
0.110000 0.130000 0.500000 0.260000 
0.380000 0.110000 0.190000 0.320000 
0.290000 0.140000 0.100000 0.470000 

MOTIF model_0_filter_009 model_0_filter_009
letter-probability matrix: alength= 4 w= 13 nsites= 100
0.110000 0.510000 0.270000 0.110000 
0.100000 0.370000 0.200000 0.330000 
0.010000 0.050000 0.080000 0.860000 
0.000000 0.310000 0.000000 0.690000 
0.110000 0.300000 0.120000 0.470000 
1.000000 0.000000 0.000000 0.000000 
0.000000 0.790000 0.200000 0.010000 
0.000000 0.750000 0.210000 0.040000 
0.560000 0.000000 0.410000 0.030000 
0.010000 0.150000 0.560000 0.280000 
0.050000 0.940000 0.010000 0.000000 
0.170000 0.000000 0.740000 0.090000 
0.250000 0.370000 0.110000 0.270000 

MOTIF model_0_filter_010 model_0_filter_010
letter-probability matrix: alength= 4 w= 13 nsites= 100
0.560000 0.210000 0.170000 0.060000 
0.210000 0.290000 0.430000 0.070000 
0.090000 0.430000 0.380000 0.100000 
0.460000 0.160000 0.310000 0.070000 
0.310000 0.110000 0.550000 0.030000 
0.000000 0.620000 0.290000 0.090000 
0.970000 0.000000 0.000000 0.030000 
0.000000 1.000000 0.000000 0.000000 
0.970000 0.020000 0.000000 0.010000 
0.190000 0.110000 0.700000 0.000000 
0.070000 0.090000 0.810000 0.030000 
0.840000 0.000000 0.030000 0.130000 
0.850000 0.030000 0.120000 0.000000 

MOTIF model_0_filter_011 model_0_filter_011
letter-probability matrix: alength= 4 w= 13 nsites= 100
0.480000 0.240000 0.120000 0.160000 
0.000000 0.010000 0.910000 0.080000 
0.110000 0.130000 0.750000 0.010000 
0.210000 0.000000 0.790000 0.000000 
0.020000 0.980000 0.000000 0.000000 
0.000000 0.000000 0.020000 0.980000 
0.590000 0.000000 0.410000 0.000000 
0.000000 0.030000 0.670000 0.300000 
0.710000 0.040000 0.000000 0.250000 
0.310000 0.250000 0.180000 0.260000 
0.170000 0.460000 0.350000 0.020000 
0.100000 0.130000 0.360000 0.410000 
0.190000 0.300000 0.160000 0.350000 

MOTIF model_0_filter_012 model_0_filter_012
letter-probability matrix: alength= 4 w= 13 nsites= 100
0.140000 0.620000 0.110000 0.130000 
0.620000 0.050000 0.290000 0.040000 
0.170000 0.250000 0.180000 0.400000 
0.690000 0.000000 0.010000 0.300000 
1.000000 0.000000 0.000000 0.000000 
0.000000 0.000000 0.000000 1.000000 
0.000000 0.000000 1.000000 0.000000 
0.810000 0.130000 0.030000 0.030000 
0.480000 0.080000 0.040000 0.400000 
0.150000 0.490000 0.310000 0.050000 
0.000000 0.920000 0.000000 0.080000 
0.060000 0.190000 0.410000 0.340000 
0.110000 0.200000 0.490000 0.200000 

MOTIF model_0_filter_013 model_0_filter_013
letter-probability matrix: alength= 4 w= 13 nsites= 100
0.160000 0.170000 0.170000 0.500000 
0.640000 0.240000 0.010000 0.110000 
0.020000 0.490000 0.480000 0.010000 
0.350000 0.440000 0.110000 0.100000 
0.910000 0.030000 0.000000 0.060000 
0.000000 0.890000 0.000000 0.110000 
0.000000 0.000000 0.000000 1.000000 
0.000000 0.770000 0.000000 0.230000 
0.020000 0.960000 0.010000 0.010000 
0.360000 0.440000 0.080000 0.120000 
0.190000 0.050000 0.110000 0.650000 
0.050000 0.670000 0.060000 0.220000 
0.230000 0.450000 0.220000 0.100000 

MOTIF model_0_filter_014 model_0_filter_014
letter-probability matrix: alength= 4 w= 13 nsites= 100
0.390000 0.100000 0.160000 0.350000 
0.710000 0.070000 0.120000 0.100000 
0.570000 0.160000 0.040000 0.230000 
1.000000 0.000000 0.000000 0.000000 
0.000000 0.000000 0.000000 1.000000 
0.000000 0.000000 1.000000 0.000000 
0.020000 0.000000 0.920000 0.060000 
0.490000 0.260000 0.250000 0.000000 
0.140000 0.030000 0.180000 0.650000 
0.070000 0.730000 0.050000 0.150000 
0.260000 0.080000 0.050000 0.610000 
0.310000 0.060000 0.300000 0.330000 
0.190000 0.460000 0.030000 0.320000 

MOTIF model_0_filter_015 model_0_filter_015
letter-probability matrix: alength= 4 w= 13 nsites= 100
0.280000 0.150000 0.190000 0.380000 
0.290000 0.620000 0.080000 0.010000 
0.870000 0.120000 0.000000 0.010000 
0.040000 0.500000 0.460000 0.000000 
0.020000 0.190000 0.540000 0.250000 
0.000000 0.280000 0.000000 0.720000 
0.530000 0.000000 0.020000 0.450000 
1.000000 0.000000 0.000000 0.000000 
0.480000 0.510000 0.000000 0.010000 
0.350000 0.450000 0.200000 0.000000 
0.460000 0.380000 0.160000 0.000000 
0.000000 0.540000 0.030000 0.430000 
0.210000 0.400000 0.290000 0.100000 

MOTIF model_0_filter_016 model_0_filter_016
letter-probability matrix: alength= 4 w= 13 nsites= 100
0.440000 0.120000 0.090000 0.350000 
0.550000 0.020000 0.260000 0.170000 
0.810000 0.020000 0.170000 0.000000 
0.090000 0.010000 0.000000 0.900000 
0.570000 0.000000 0.430000 0.000000 
1.000000 0.000000 0.000000 0.000000 
0.000000 0.010000 0.000000 0.990000 
0.130000 0.080000 0.000000 0.790000 
0.290000 0.160000 0.240000 0.310000 
0.870000 0.030000 0.030000 0.070000 
0.320000 0.030000 0.050000 0.600000 
0.000000 0.010000 0.000000 0.990000 
0.240000 0.130000 0.180000 0.450000 

MOTIF model_0_filter_017 model_0_filter_017
letter-probability matrix: alength= 4 w= 13 nsites= 100
0.060000 0.080000 0.480000 0.380000 
0.590000 0.100000 0.000000 0.310000 
0.170000 0.290000 0.110000 0.430000 
0.010000 0.040000 0.000000 0.950000 
0.980000 0.010000 0.000000 0.010000 
0.550000 0.070000 0.240000 0.140000 
0.970000 0.000000 0.000000 0.030000 
0.000000 0.540000 0.350000 0.110000 
0.000000 0.010000 0.000000 0.990000 
0.620000 0.020000 0.280000 0.080000 
0.020000 0.000000 0.970000 0.010000 
0.460000 0.070000 0.340000 0.130000 
0.260000 0.210000 0.060000 0.470000 

MOTIF model_0_filter_018 model_0_filter_018
letter-probability matrix: alength= 4 w= 13 nsites= 100
0.250000 0.100000 0.260000 0.390000 
0.270000 0.130000 0.200000 0.400000 
0.080000 0.020000 0.000000 0.900000 
0.630000 0.000000 0.360000 0.010000 
0.600000 0.000000 0.000000 0.400000 
0.500000 0.000000 0.500000 0.000000 
0.960000 0.000000 0.040000 0.000000 
0.000000 0.000000 0.010000 0.990000 
0.000000 0.000000 1.000000 0.000000 
0.000000 0.760000 0.000000 0.240000 
0.050000 0.070000 0.100000 0.780000 
0.080000 0.010000 0.590000 0.320000 
0.340000 0.140000 0.020000 0.500000 

MOTIF model_0_filter_019 model_0_filter_019
letter-probability matrix: alength= 4 w= 13 nsites= 100
0.080000 0.040000 0.100000 0.780000 
0.000000 0.000000 0.980000 0.020000 
0.590000 0.150000 0.140000 0.120000 
0.280000 0.420000 0.000000 0.300000 
0.000000 0.400000 0.250000 0.350000 
0.000000 0.780000 0.040000 0.180000 
0.000000 0.780000 0.220000 0.000000 
0.000000 1.000000 0.000000 0.000000 
0.470000 0.480000 0.040000 0.010000 
0.020000 0.190000 0.390000 0.400000 
0.000000 0.980000 0.020000 0.000000 
0.040000 0.100000 0.630000 0.230000 
0.090000 0.330000 0.530000 0.050000 

MOTIF model_0_filter_020 model_0_filter_020
letter-probability matrix: alength= 4 w= 13 nsites= 100
0.030000 0.110000 0.830000 0.030000 
0.240000 0.330000 0.150000 0.280000 
0.290000 0.520000 0.110000 0.080000 
0.670000 0.000000 0.330000 0.000000 
0.130000 0.150000 0.050000 0.670000 
0.170000 0.160000 0.610000 0.060000 
1.000000 0.000000 0.000000 0.000000 
0.000000 0.000000 0.000000 1.000000 
0.000000 0.000000 1.000000 0.000000 
0.050000 0.230000 0.480000 0.240000 
0.600000 0.130000 0.250000 0.020000 
0.120000 0.480000 0.140000 0.260000 
0.170000 0.140000 0.590000 0.100000 

MOTIF model_0_filter_021 model_0_filter_021
letter-probability matrix: alength= 4 w= 13 nsites= 100
0.140000 0.140000 0.490000 0.230000 
0.470000 0.150000 0.120000 0.260000 
0.470000 0.000000 0.050000 0.480000 
0.430000 0.000000 0.180000 0.390000 
1.000000 0.000000 0.000000 0.000000 
0.000000 0.000000 0.000000 1.000000 
0.000000 0.000000 1.000000 0.000000 
1.000000 0.000000 0.000000 0.000000 
0.060000 0.940000 0.000000 0.000000 
0.000000 0.060000 0.250000 0.690000 
0.120000 0.150000 0.120000 0.610000 
0.140000 0.360000 0.100000 0.400000 
0.440000 0.020000 0.080000 0.460000 

MOTIF model_0_filter_022 model_0_filter_022
letter-probability matrix: alength= 4 w= 13 nsites= 100
0.230000 0.420000 0.170000 0.180000 
0.170000 0.130000 0.550000 0.150000 
0.390000 0.300000 0.250000 0.060000 
0.990000 0.010000 0.000000 0.000000 
0.000000 0.000000 0.000000 1.000000 
0.000000 0.000000 1.000000 0.000000 
0.170000 0.000000 0.830000 0.000000 
0.290000 0.560000 0.150000 0.000000 
0.030000 0.910000 0.050000 0.010000 
0.120000 0.030000 0.470000 0.380000 
0.020000 0.180000 0.480000 0.320000 
0.190000 0.700000 0.010000 0.100000 
0.170000 0.380000 0.220000 0.230000 

MOTIF model_0_filter_023 model_0_filter_023
letter-probability matrix: alength= 4 w= 13 nsites= 100
0.070000 0.270000 0.320000 0.340000 
0.030000 0.000000 0.000000 0.970000 
0.000000 0.060000 0.900000 0.040000 
0.000000 0.000000 0.000000 1.000000 
0.890000 0.020000 0.090000 0.000000 
0.160000 0.080000 0.000000 0.760000 
0.000000 0.380000 0.000000 0.620000 
0.030000 0.000000 0.010000 0.960000 
0.320000 0.410000 0.270000 0.000000 
0.000000 0.110000 0.000000 0.890000 
0.000000 0.090000 0.470000 0.440000 
0.020000 0.290000 0.180000 0.510000 
0.180000 0.240000 0.180000 0.400000 

MOTIF model_0_filter_024 model_0_filter_024
letter-probability matrix: alength= 4 w= 13 nsites= 100
0.710000 0.120000 0.100000 0.070000 
0.590000 0.040000 0.260000 0.110000 
0.000000 0.210000 0.740000 0.050000 
0.000000 0.000000 0.000000 1.000000 
0.220000 0.000000 0.780000 0.000000 
1.000000 0.000000 0.000000 0.000000 
0.980000 0.000000 0.000000 0.020000 
0.080000 0.140000 0.300000 0.480000 
0.000000 0.380000 0.580000 0.040000 
0.350000 0.110000 0.000000 0.540000 
0.140000 0.010000 0.850000 0.000000 
0.570000 0.020000 0.380000 0.030000 
0.260000 0.340000 0.040000 0.360000 

MOTIF model_0_filter_025 model_0_filter_025
letter-probability matrix: alength= 4 w= 13 nsites= 100
0.280000 0.140000 0.160000 0.420000 
0.020000 0.140000 0.730000 0.110000 
0.100000 0.150000 0.130000 0.620000 
0.000000 0.000000 0.000000 1.000000 
0.000000 0.000000 1.000000 0.000000 
0.920000 0.000000 0.080000 0.000000 
0.140000 0.030000 0.100000 0.730000 
0.010000 0.000000 0.980000 0.010000 
0.040000 0.080000 0.680000 0.200000 
0.000000 0.000000 0.000000 1.000000 
0.000000 0.080000 0.550000 0.370000 
0.120000 0.020000 0.630000 0.230000 
0.200000 0.150000 0.070000 0.580000 

MOTIF model_0_filter_026 model_0_filter_026
letter-probability matrix: alength= 4 w= 13 nsites= 100
0.410000 0.070000 0.250000 0.270000 
0.320000 0.070000 0.010000 0.600000 
0.270000 0.190000 0.000000 0.540000 
1.000000 0.000000 0.000000 0.000000 
0.000000 0.000000 0.000000 1.000000 
0.000000 0.000000 1.000000 0.000000 
0.000000 0.300000 0.190000 0.510000 
0.990000 0.000000 0.010000 0.000000 
0.070000 0.010000 0.610000 0.310000 
0.140000 0.000000 0.430000 0.430000 
0.560000 0.050000 0.200000 0.190000 
0.310000 0.050000 0.060000 0.580000 
0.380000 0.120000 0.280000 0.220000 

MOTIF model_0_filter_027 model_0_filter_027
letter-probability matrix: alength= 4 w= 13 nsites= 100
0.060000 0.740000 0.110000 0.090000 
0.860000 0.090000 0.000000 0.050000 
0.000000 0.640000 0.360000 0.000000 
0.390000 0.050000 0.010000 0.550000 
0.280000 0.010000 0.450000 0.260000 
0.060000 0.390000 0.160000 0.390000 
0.170000 0.000000 0.040000 0.790000 
0.910000 0.000000 0.000000 0.090000 
0.810000 0.070000 0.000000 0.120000 
0.580000 0.010000 0.110000 0.300000 
0.290000 0.250000 0.100000 0.360000 
0.060000 0.530000 0.260000 0.150000 
0.130000 0.580000 0.270000 0.020000 

MOTIF model_0_filter_028 model_0_filter_028
letter-probability matrix: alength= 4 w= 13 nsites= 100
0.520000 0.170000 0.210000 0.100000 
0.760000 0.020000 0.220000 0.000000 
0.000000 0.000000 0.020000 0.980000 
0.000000 0.000000 1.000000 0.000000 
0.050000 0.020000 0.930000 0.000000 
0.630000 0.020000 0.350000 0.000000 
0.610000 0.020000 0.070000 0.300000 
0.220000 0.000000 0.780000 0.000000 
0.740000 0.010000 0.100000 0.150000 
0.060000 0.010000 0.930000 0.000000 
0.330000 0.140000 0.380000 0.150000 
0.340000 0.030000 0.380000 0.250000 
0.190000 0.150000 0.280000 0.380000 

MOTIF model_0_filter_029 model_0_filter_029
letter-probability matrix: alength= 4 w= 13 nsites= 100
0.220000 0.350000 0.040000 0.390000 
0.430000 0.050000 0.520000 0.000000 
0.790000 0.190000 0.010000 0.010000 
0.430000 0.010000 0.560000 0.000000 
1.000000 0.000000 0.000000 0.000000 
0.000000 0.000000 0.000000 1.000000 
0.000000 0.000000 1.000000 0.000000 
0.000000 0.000000 1.000000 0.000000 
0.180000 0.790000 0.020000 0.010000 
0.080000 0.000000 0.760000 0.160000 
0.240000 0.310000 0.410000 0.040000 
0.470000 0.090000 0.340000 0.100000 
0.330000 0.180000 0.240000 0.250000 

MOTIF model_0_filter_030 model_0_filter_030
letter-probability matrix: alength= 4 w= 13 nsites= 100
0.590000 0.090000 0.120000 0.200000 
0.060000 0.000000 0.930000 0.010000 
0.250000 0.380000 0.070000 0.300000 
0.270000 0.440000 0.250000 0.040000 
0.970000 0.000000 0.030000 0.000000 
0.660000 0.000000 0.020000 0.320000 
0.000000 0.180000 0.780000 0.040000 
1.000000 0.000000 0.000000 0.000000 
0.000000 0.000000 0.000000 1.000000 
0.000000 0.000000 1.000000 0.000000 
0.040000 0.010000 0.850000 0.100000 
0.570000 0.300000 0.090000 0.040000 
0.310000 0.120000 0.440000 0.130000 

MOTIF model_0_filter_031 model_0_filter_031
letter-probability matrix: alength= 4 w= 13 nsites= 100
0.370000 0.100000 0.270000 0.260000 
0.010000 0.350000 0.620000 0.020000 
0.690000 0.280000 0.000000 0.030000 
0.660000 0.230000 0.110000 0.000000 
0.000000 0.050000 0.930000 0.020000 
0.120000 0.870000 0.000000 0.010000 
0.000000 0.030000 0.970000 0.000000 
0.050000 0.830000 0.010000 0.110000 
0.000000 0.320000 0.680000 0.000000 
0.010000 0.980000 0.000000 0.010000 
0.080000 0.000000 0.920000 0.000000 
0.150000 0.660000 0.190000 0.000000 
0.130000 0.140000 0.490000 0.240000 

MOTIF model_0_filter_032 model_0_filter_032
letter-probability matrix: alength= 4 w= 13 nsites= 100
0.190000 0.660000 0.120000 0.030000 
0.230000 0.050000 0.230000 0.490000 
0.000000 0.030000 0.690000 0.280000 
0.030000 0.000000 0.840000 0.130000 
0.000000 0.720000 0.170000 0.110000 
0.150000 0.000000 0.000000 0.850000 
0.000000 0.140000 0.820000 0.040000 
0.210000 0.470000 0.320000 0.000000 
1.000000 0.000000 0.000000 0.000000 
0.020000 0.340000 0.630000 0.010000 
0.050000 0.730000 0.210000 0.010000 
0.250000 0.140000 0.600000 0.010000 
0.060000 0.670000 0.140000 0.130000 

MOTIF model_0_filter_033 model_0_filter_033
letter-probability matrix: alength= 4 w= 13 nsites= 100
0.080000 0.070000 0.130000 0.720000 
0.000000 0.430000 0.250000 0.320000 
0.590000 0.220000 0.030000 0.160000 
0.390000 0.380000 0.000000 0.230000 
0.030000 0.030000 0.000000 0.940000 
0.660000 0.340000 0.000000 0.000000 
0.860000 0.140000 0.000000 0.000000 
0.910000 0.090000 0.000000 0.000000 
0.000000 0.000000 0.840000 0.160000 
0.030000 0.750000 0.000000 0.220000 
0.210000 0.080000 0.100000 0.610000 
0.250000 0.590000 0.110000 0.050000 
0.230000 0.080000 0.060000 0.630000 

MOTIF model_0_filter_034 model_0_filter_034
letter-probability matrix: alength= 4 w= 13 nsites= 101
0.148515 0.455446 0.247525 0.148515 
0.128713 0.059406 0.633663 0.178218 
0.138614 0.188119 0.297030 0.376238 
1.000000 0.000000 0.000000 0.000000 
0.099010 0.594059 0.128713 0.178218 
0.920792 0.069307 0.000000 0.009901 
0.039604 0.752475 0.207921 0.000000 
0.891089 0.009901 0.029703 0.069307 
0.000000 0.594059 0.405941 0.000000 
0.673267 0.168317 0.000000 0.158416 
0.000000 0.584158 0.000000 0.415842 
0.079208 0.425743 0.000000 0.495050 
0.009901 0.039604 0.128713 0.821782 

MOTIF model_0_filter_035 model_0_filter_035
letter-probability matrix: alength= 4 w= 13 nsites= 100
0.750000 0.060000 0.070000 0.120000 
0.000000 0.030000 0.970000 0.000000 
0.300000 0.070000 0.000000 0.630000 
0.550000 0.000000 0.450000 0.000000 
0.000000 0.030000 0.780000 0.190000 
0.950000 0.000000 0.010000 0.040000 
0.000000 0.080000 0.730000 0.190000 
0.790000 0.050000 0.160000 0.000000 
0.200000 0.150000 0.370000 0.280000 
0.370000 0.350000 0.130000 0.150000 
0.110000 0.300000 0.490000 0.100000 
0.010000 0.000000 0.940000 0.050000 
0.530000 0.050000 0.360000 0.060000 

MOTIF model_0_filter_036 model_0_filter_036
letter-probability matrix: alength= 4 w= 13 nsites= 100
0.150000 0.250000 0.320000 0.280000 
0.070000 0.340000 0.070000 0.520000 
0.100000 0.010000 0.890000 0.000000 
0.230000 0.000000 0.770000 0.000000 
0.130000 0.030000 0.840000 0.000000 
1.000000 0.000000 0.000000 0.000000 
0.000000 0.000000 0.200000 0.800000 
0.000000 0.000000 1.000000 0.000000 
0.210000 0.240000 0.550000 0.000000 
0.290000 0.220000 0.470000 0.020000 
0.310000 0.030000 0.650000 0.010000 
0.590000 0.070000 0.260000 0.080000 
0.340000 0.420000 0.170000 0.070000 

MOTIF model_0_filter_037 model_0_filter_037
letter-probability matrix: alength= 4 w= 13 nsites= 101
0.336634 0.366337 0.188119 0.108911 
0.227723 0.009901 0.000000 0.762376 
0.000000 0.019802 0.980198 0.000000 
0.316832 0.425743 0.158416 0.099010 
0.910891 0.000000 0.000000 0.089109 
0.693069 0.297030 0.000000 0.009901 
1.000000 0.000000 0.000000 0.000000 
0.089109 0.653465 0.168317 0.089109 
0.465347 0.287129 0.207921 0.039604 
0.980198 0.000000 0.019802 0.000000 
0.396040 0.207921 0.009901 0.386139 
0.287129 0.000000 0.663366 0.049505 
0.158416 0.198020 0.178218 0.465347 

MOTIF model_0_filter_038 model_0_filter_038
letter-probability matrix: alength= 4 w= 13 nsites= 100
0.160000 0.540000 0.250000 0.050000 
0.100000 0.390000 0.500000 0.010000 
0.310000 0.510000 0.140000 0.040000 
0.010000 0.100000 0.050000 0.840000 
0.000000 0.000000 1.000000 0.000000 
0.000000 1.000000 0.000000 0.000000 
0.800000 0.120000 0.050000 0.030000 
0.160000 0.600000 0.230000 0.010000 
0.010000 0.000000 0.990000 0.000000 
0.000000 0.790000 0.150000 0.060000 
0.030000 0.190000 0.720000 0.060000 
0.080000 0.640000 0.000000 0.280000 
0.360000 0.160000 0.120000 0.360000 

MOTIF model_0_filter_039 model_0_filter_039
letter-probability matrix: alength= 4 w= 13 nsites= 100
0.280000 0.100000 0.060000 0.560000 
0.020000 0.000000 0.290000 0.690000 
0.020000 0.960000 0.020000 0.000000 
0.000000 1.000000 0.000000 0.000000 
0.490000 0.000000 0.500000 0.010000 
0.000000 0.910000 0.010000 0.080000 
0.270000 0.270000 0.000000 0.460000 
0.230000 0.120000 0.620000 0.030000 
0.100000 0.560000 0.010000 0.330000 
0.000000 0.180000 0.150000 0.670000 
0.070000 0.000000 0.930000 0.000000 
0.280000 0.400000 0.230000 0.090000 
0.140000 0.170000 0.250000 0.440000 

MOTIF model_0_filter_040 model_0_filter_040
letter-probability matrix: alength= 4 w= 13 nsites= 100
0.130000 0.000000 0.180000 0.690000 
0.030000 0.030000 0.410000 0.530000 
0.060000 0.130000 0.800000 0.010000 
0.850000 0.010000 0.130000 0.010000 
0.010000 0.000000 0.530000 0.460000 
0.000000 0.000000 1.000000 0.000000 
0.980000 0.000000 0.020000 0.000000 
0.000000 0.160000 0.210000 0.630000 
0.000000 0.000000 1.000000 0.000000 
0.010000 0.010000 0.090000 0.890000 
0.110000 0.040000 0.660000 0.190000 
0.060000 0.060000 0.570000 0.310000 
0.140000 0.120000 0.230000 0.510000 

MOTIF model_0_filter_041 model_0_filter_041
letter-probability matrix: alength= 4 w= 13 nsites= 100
0.030000 0.400000 0.110000 0.460000 
0.100000 0.120000 0.100000 0.680000 
0.320000 0.480000 0.020000 0.180000 
0.010000 0.300000 0.000000 0.690000 
0.250000 0.100000 0.000000 0.650000 
0.080000 0.030000 0.280000 0.610000 
0.010000 0.510000 0.000000 0.480000 
0.050000 0.020000 0.100000 0.830000 
0.860000 0.000000 0.040000 0.100000 
0.000000 0.030000 0.970000 0.000000 
0.170000 0.010000 0.750000 0.070000 
0.440000 0.000000 0.490000 0.070000 
0.310000 0.210000 0.340000 0.140000 

MOTIF model_0_filter_042 model_0_filter_042
letter-probability matrix: alength= 4 w= 13 nsites= 100
0.180000 0.220000 0.310000 0.290000 
0.060000 0.280000 0.580000 0.080000 
0.370000 0.390000 0.100000 0.140000 
0.990000 0.000000 0.010000 0.000000 
0.060000 0.000000 0.000000 0.940000 
0.000000 0.070000 0.740000 0.190000 
0.230000 0.120000 0.590000 0.060000 
0.000000 0.590000 0.000000 0.410000 
0.000000 0.000000 1.000000 0.000000 
0.710000 0.090000 0.200000 0.000000 
0.430000 0.000000 0.350000 0.220000 
0.510000 0.120000 0.020000 0.350000 
0.000000 0.030000 0.350000 0.620000 

MOTIF model_0_filter_043 model_0_filter_043
letter-probability matrix: alength= 4 w= 13 nsites= 100
0.250000 0.220000 0.070000 0.460000 
0.090000 0.020000 0.870000 0.020000 
0.590000 0.230000 0.050000 0.130000 
0.010000 0.130000 0.000000 0.860000 
0.160000 0.000000 0.840000 0.000000 
0.000000 0.000000 0.220000 0.780000 
0.070000 0.930000 0.000000 0.000000 
0.100000 0.010000 0.000000 0.890000 
0.090000 0.000000 0.910000 0.000000 
0.370000 0.600000 0.020000 0.010000 
0.770000 0.010000 0.110000 0.110000 
0.200000 0.190000 0.290000 0.320000 
0.120000 0.330000 0.210000 0.340000 

MOTIF model_0_filter_044 model_0_filter_044
letter-probability matrix: alength= 4 w= 13 nsites= 100
0.390000 0.190000 0.070000 0.350000 
0.150000 0.110000 0.690000 0.050000 
0.060000 0.080000 0.790000 0.070000 
0.230000 0.250000 0.050000 0.470000 
0.690000 0.000000 0.310000 0.000000 
0.000000 0.780000 0.000000 0.220000 
0.260000 0.050000 0.690000 0.000000 
0.970000 0.010000 0.020000 0.000000 
0.410000 0.450000 0.140000 0.000000 
0.010000 0.030000 0.230000 0.730000 
0.290000 0.040000 0.000000 0.670000 
0.560000 0.000000 0.320000 0.120000 
0.500000 0.130000 0.330000 0.040000 

MOTIF model_0_filter_045 model_0_filter_045
letter-probability matrix: alength= 4 w= 13 nsites= 100
0.500000 0.090000 0.210000 0.200000 
0.310000 0.090000 0.250000 0.350000 
0.020000 0.140000 0.000000 0.840000 
0.130000 0.000000 0.230000 0.640000 
0.010000 0.010000 0.980000 0.000000 
0.100000 0.790000 0.000000 0.110000 
1.000000 0.000000 0.000000 0.000000 
0.000000 0.000000 0.060000 0.940000 
0.000000 0.950000 0.000000 0.050000 
0.320000 0.560000 0.060000 0.060000 
0.780000 0.070000 0.010000 0.140000 
0.150000 0.060000 0.400000 0.390000 
0.340000 0.390000 0.210000 0.060000 

MOTIF model_0_filter_046 model_0_filter_046
letter-probability matrix: alength= 4 w= 13 nsites= 100
0.050000 0.040000 0.510000 0.400000 
0.040000 0.250000 0.070000 0.640000 
0.260000 0.030000 0.020000 0.690000 
0.010000 0.020000 0.000000 0.970000 
0.400000 0.000000 0.230000 0.370000 
0.000000 0.000000 1.000000 0.000000 
1.000000 0.000000 0.000000 0.000000 
0.000000 0.990000 0.010000 0.000000 
0.000000 0.010000 0.830000 0.160000 
0.660000 0.060000 0.250000 0.030000 
0.660000 0.160000 0.090000 0.090000 
0.140000 0.280000 0.330000 0.250000 
0.330000 0.150000 0.130000 0.390000 

MOTIF model_0_filter_047 model_0_filter_047
letter-probability matrix: alength= 4 w= 13 nsites= 100
0.290000 0.000000 0.170000 0.540000 
0.220000 0.300000 0.070000 0.410000 
0.150000 0.000000 0.010000 0.840000 
0.020000 0.050000 0.000000 0.930000 
0.150000 0.000000 0.340000 0.510000 
0.470000 0.510000 0.020000 0.000000 
0.410000 0.220000 0.080000 0.290000 
0.310000 0.490000 0.000000 0.200000 
0.550000 0.170000 0.170000 0.110000 
0.480000 0.480000 0.000000 0.040000 
0.580000 0.240000 0.160000 0.020000 
0.000000 0.140000 0.670000 0.190000 
0.020000 0.850000 0.100000 0.030000 

MOTIF model_0_filter_048 model_0_filter_048
letter-probability matrix: alength= 4 w= 13 nsites= 100
0.420000 0.240000 0.120000 0.220000 
0.630000 0.160000 0.200000 0.010000 
0.000000 1.000000 0.000000 0.000000 
0.000000 0.090000 0.000000 0.910000 
0.010000 0.060000 0.310000 0.620000 
0.040000 0.280000 0.500000 0.180000 
0.110000 0.230000 0.260000 0.400000 
0.020000 0.980000 0.000000 0.000000 
0.000000 0.020000 0.000000 0.980000 
0.160000 0.100000 0.000000 0.740000 
0.160000 0.020000 0.480000 0.340000 
0.240000 0.000000 0.630000 0.130000 
0.470000 0.060000 0.130000 0.340000 

MOTIF model_0_filter_049 model_0_filter_049
letter-probability matrix: alength= 4 w= 13 nsites= 100
0.360000 0.340000 0.170000 0.130000 
0.440000 0.100000 0.370000 0.090000 
0.130000 0.640000 0.150000 0.080000 
0.000000 0.400000 0.380000 0.220000 
1.000000 0.000000 0.000000 0.000000 
0.000000 0.000000 0.000000 1.000000 
0.000000 0.000000 1.000000 0.000000 
0.010000 0.020000 0.970000 0.000000 
0.200000 0.680000 0.070000 0.050000 
0.110000 0.030000 0.480000 0.380000 
0.040000 0.900000 0.020000 0.040000 
0.230000 0.020000 0.260000 0.490000 
0.120000 0.310000 0.250000 0.320000 

MOTIF model_0_filter_050 model_0_filter_050
letter-probability matrix: alength= 4 w= 13 nsites= 100
0.010000 0.170000 0.360000 0.460000 
0.120000 0.500000 0.240000 0.140000 
0.240000 0.490000 0.110000 0.160000 
0.210000 0.270000 0.290000 0.230000 
0.040000 0.020000 0.880000 0.060000 
0.000000 0.000000 0.030000 0.970000 
0.000000 0.000000 1.000000 0.000000 
0.000000 0.000000 1.000000 0.000000 
0.890000 0.000000 0.040000 0.070000 
0.000000 0.000000 0.000000 1.000000 
0.060000 0.000000 0.000000 0.940000 
0.010000 0.000000 0.010000 0.980000 
0.240000 0.320000 0.290000 0.150000 

MOTIF model_0_filter_052 model_0_filter_052
letter-probability matrix: alength= 4 w= 13 nsites= 100
0.290000 0.210000 0.100000 0.400000 
0.240000 0.330000 0.040000 0.390000 
0.140000 0.480000 0.180000 0.200000 
0.030000 0.000000 0.890000 0.080000 
0.000000 0.010000 0.000000 0.990000 
0.000000 0.110000 0.000000 0.890000 
0.050000 0.000000 0.750000 0.200000 
0.010000 0.950000 0.040000 0.000000 
0.100000 0.820000 0.030000 0.050000 
0.850000 0.050000 0.100000 0.000000 
0.090000 0.100000 0.740000 0.070000 
0.500000 0.040000 0.310000 0.150000 
0.300000 0.070000 0.050000 0.580000 

MOTIF model_0_filter_053 model_0_filter_053
letter-probability matrix: alength= 4 w= 13 nsites= 100
0.320000 0.370000 0.270000 0.040000 
0.930000 0.000000 0.020000 0.050000 
0.220000 0.000000 0.560000 0.220000 
0.460000 0.090000 0.360000 0.090000 
1.000000 0.000000 0.000000 0.000000 
0.000000 0.000000 0.000000 1.000000 
0.000000 0.000000 1.000000 0.000000 
0.800000 0.000000 0.170000 0.030000 
0.860000 0.090000 0.050000 0.000000 
0.650000 0.300000 0.030000 0.020000 
0.370000 0.220000 0.080000 0.330000 
0.040000 0.600000 0.350000 0.010000 
0.180000 0.510000 0.040000 0.270000 

MOTIF model_0_filter_054 model_0_filter_054
letter-probability matrix: alength= 4 w= 13 nsites= 100
0.260000 0.170000 0.230000 0.340000 
0.580000 0.350000 0.020000 0.050000 
0.170000 0.050000 0.050000 0.730000 
0.220000 0.000000 0.680000 0.100000 
0.080000 0.090000 0.390000 0.440000 
0.020000 0.000000 0.100000 0.880000 
0.830000 0.000000 0.170000 0.000000 
0.080000 0.000000 0.040000 0.880000 
1.000000 0.000000 0.000000 0.000000 
0.550000 0.310000 0.120000 0.020000 
0.580000 0.150000 0.260000 0.010000 
0.050000 0.150000 0.520000 0.280000 
0.050000 0.260000 0.260000 0.430000 

MOTIF model_0_filter_055 model_0_filter_055
letter-probability matrix: alength= 4 w= 13 nsites= 100
0.200000 0.030000 0.090000 0.680000 
0.050000 0.170000 0.220000 0.560000 
0.060000 0.070000 0.160000 0.710000 
0.100000 0.680000 0.220000 0.000000 
0.000000 0.000000 0.000000 1.000000 
0.000000 1.000000 0.000000 0.000000 
0.000000 0.390000 0.000000 0.610000 
0.030000 0.000000 0.000000 0.970000 
0.010000 0.240000 0.010000 0.740000 
0.380000 0.530000 0.000000 0.090000 
0.990000 0.000000 0.010000 0.000000 
0.180000 0.060000 0.490000 0.270000 
0.210000 0.050000 0.100000 0.640000 

MOTIF model_0_filter_056 model_0_filter_056
letter-probability matrix: alength= 4 w= 13 nsites= 100
0.170000 0.640000 0.070000 0.120000 
0.980000 0.010000 0.010000 0.000000 
0.060000 0.940000 0.000000 0.000000 
0.630000 0.000000 0.000000 0.370000 
0.070000 0.920000 0.000000 0.010000 
0.010000 0.000000 0.000000 0.990000 
0.000000 0.970000 0.000000 0.030000 
0.700000 0.000000 0.000000 0.300000 
0.000000 1.000000 0.000000 0.000000 
0.310000 0.280000 0.060000 0.350000 
0.110000 0.890000 0.000000 0.000000 
0.630000 0.140000 0.170000 0.060000 
0.140000 0.490000 0.200000 0.170000 

MOTIF model_0_filter_057 model_0_filter_057
letter-probability matrix: alength= 4 w= 13 nsites= 100
0.030000 0.300000 0.410000 0.260000 
0.010000 0.170000 0.080000 0.740000 
0.010000 0.420000 0.430000 0.140000 
0.410000 0.170000 0.310000 0.110000 
0.000000 0.870000 0.000000 0.130000 
0.000000 0.020000 0.980000 0.000000 
0.000000 0.230000 0.770000 0.000000 
0.000000 0.210000 0.000000 0.790000 
0.000000 0.000000 0.970000 0.030000 
0.470000 0.020000 0.510000 0.000000 
0.090000 0.170000 0.250000 0.490000 
0.040000 0.030000 0.920000 0.010000 
0.200000 0.200000 0.460000 0.140000 

MOTIF model_0_filter_058 model_0_filter_058
letter-probability matrix: alength= 4 w= 13 nsites= 100
0.600000 0.180000 0.110000 0.110000 
0.030000 0.010000 0.370000 0.590000 
0.000000 0.510000 0.210000 0.280000 
0.000000 0.040000 0.850000 0.110000 
0.000000 1.000000 0.000000 0.000000 
0.000000 0.000000 0.000000 1.000000 
0.000000 0.050000 0.950000 0.000000 
0.080000 0.010000 0.330000 0.580000 
0.000000 0.000000 1.000000 0.000000 
0.020000 0.200000 0.630000 0.150000 
0.060000 0.090000 0.190000 0.660000 
0.260000 0.000000 0.010000 0.730000 
0.220000 0.070000 0.110000 0.600000 

MOTIF model_0_filter_059 model_0_filter_059
letter-probability matrix: alength= 4 w= 13 nsites= 100
0.190000 0.090000 0.530000 0.190000 
0.180000 0.680000 0.030000 0.110000 
0.220000 0.460000 0.070000 0.250000 
0.730000 0.150000 0.120000 0.000000 
0.920000 0.070000 0.000000 0.010000 
0.870000 0.000000 0.000000 0.130000 
0.010000 0.000000 0.980000 0.010000 
0.000000 0.000000 0.000000 1.000000 
0.120000 0.080000 0.590000 0.210000 
0.000000 0.020000 0.370000 0.610000 
0.020000 0.150000 0.000000 0.830000 
0.440000 0.000000 0.260000 0.300000 
0.070000 0.000000 0.920000 0.010000 

MOTIF model_0_filter_060 model_0_filter_060
letter-probability matrix: alength= 4 w= 13 nsites= 100
0.140000 0.150000 0.520000 0.190000 
0.980000 0.000000 0.020000 0.000000 
0.050000 0.210000 0.670000 0.070000 
0.950000 0.010000 0.040000 0.000000 
1.000000 0.000000 0.000000 0.000000 
0.000000 0.000000 1.000000 0.000000 
0.000000 0.960000 0.020000 0.020000 
0.000000 0.000000 0.400000 0.600000 
0.000000 1.000000 0.000000 0.000000 
0.230000 0.390000 0.000000 0.380000 
0.240000 0.240000 0.170000 0.350000 
0.340000 0.430000 0.070000 0.160000 
0.130000 0.120000 0.160000 0.590000 

MOTIF model_0_filter_061 model_0_filter_061
letter-probability matrix: alength= 4 w= 13 nsites= 100
0.000000 0.150000 0.310000 0.540000 
0.110000 0.230000 0.010000 0.650000 
0.730000 0.000000 0.230000 0.040000 
0.170000 0.830000 0.000000 0.000000 
0.950000 0.000000 0.050000 0.000000 
0.290000 0.200000 0.470000 0.040000 
0.750000 0.000000 0.230000 0.020000 
0.000000 0.450000 0.060000 0.490000 
0.650000 0.010000 0.310000 0.030000 
0.110000 0.170000 0.660000 0.060000 
0.070000 0.000000 0.000000 0.930000 
0.410000 0.000000 0.050000 0.540000 
0.320000 0.270000 0.010000 0.400000 

MOTIF model_0_filter_062 model_0_filter_062
letter-probability matrix: alength= 4 w= 13 nsites= 100
0.300000 0.120000 0.520000 0.060000 
0.020000 0.300000 0.110000 0.570000 
0.220000 0.390000 0.000000 0.390000 
0.340000 0.000000 0.650000 0.010000 
0.000000 0.000000 0.000000 1.000000 
0.000000 1.000000 0.000000 0.000000 
1.000000 0.000000 0.000000 0.000000 
0.000000 0.000000 0.000000 1.000000 
0.000000 0.320000 0.680000 0.000000 
0.030000 0.020000 0.750000 0.200000 
0.040000 0.460000 0.310000 0.190000 
0.010000 0.450000 0.480000 0.060000 
0.310000 0.080000 0.250000 0.360000 

MOTIF model_0_filter_063 model_0_filter_063
letter-probability matrix: alength= 4 w= 13 nsites= 100
0.290000 0.350000 0.250000 0.110000 
0.530000 0.240000 0.190000 0.040000 
0.380000 0.070000 0.550000 0.000000 
0.020000 0.280000 0.380000 0.320000 
1.000000 0.000000 0.000000 0.000000 
0.630000 0.030000 0.340000 0.000000 
0.000000 0.600000 0.000000 0.400000 
0.990000 0.000000 0.010000 0.000000 
0.000000 0.100000 0.900000 0.000000 
0.870000 0.130000 0.000000 0.000000 
0.090000 0.470000 0.110000 0.330000 
0.560000 0.010000 0.130000 0.300000 
0.010000 0.330000 0.350000 0.310000 

MOTIF model_0_filter_064 model_0_filter_064
letter-probability matrix: alength= 4 w= 13 nsites= 102
0.578431 0.215686 0.058824 0.147059 
0.000000 0.019608 0.862745 0.117647 
0.196078 0.127451 0.176471 0.500000 
0.009804 0.000000 0.990196 0.000000 
0.000000 1.000000 0.000000 0.000000 
0.088235 0.333333 0.058824 0.519608 
0.382353 0.000000 0.607843 0.009804 
0.019608 0.705882 0.274510 0.000000 
0.352941 0.421569 0.000000 0.225490 
0.872549 0.000000 0.049020 0.078431 
0.019608 0.107843 0.245098 0.627451 
0.117647 0.303922 0.274510 0.303922 
0.676471 0.068627 0.107843 0.147059 

MOTIF model_0_filter_065 model_0_filter_065
letter-probability matrix: alength= 4 w= 13 nsites= 100
0.040000 0.450000 0.180000 0.330000 
0.320000 0.130000 0.350000 0.200000 
0.380000 0.020000 0.600000 0.000000 
0.470000 0.090000 0.440000 0.000000 
0.000000 0.070000 0.000000 0.930000 
0.000000 0.000000 0.980000 0.020000 
0.000000 0.030000 0.020000 0.950000 
0.170000 0.570000 0.250000 0.010000 
0.600000 0.050000 0.010000 0.340000 
0.920000 0.000000 0.020000 0.060000 
0.930000 0.060000 0.010000 0.000000 
0.390000 0.180000 0.340000 0.090000 
0.390000 0.060000 0.470000 0.080000 

MOTIF model_0_filter_066 model_0_filter_066
letter-probability matrix: alength= 4 w= 13 nsites= 100
0.330000 0.110000 0.240000 0.320000 
0.510000 0.030000 0.130000 0.330000 
0.150000 0.330000 0.190000 0.330000 
0.700000 0.000000 0.300000 0.000000 
0.840000 0.020000 0.000000 0.140000 
0.900000 0.040000 0.000000 0.060000 
1.000000 0.000000 0.000000 0.000000 
0.000000 0.000000 0.000000 1.000000 
0.000000 0.020000 0.980000 0.000000 
0.970000 0.010000 0.000000 0.020000 
0.650000 0.000000 0.020000 0.330000 
0.120000 0.000000 0.220000 0.660000 
0.170000 0.280000 0.220000 0.330000 

MOTIF model_0_filter_067 model_0_filter_067
letter-probability matrix: alength= 4 w= 13 nsites= 100
0.590000 0.080000 0.240000 0.090000 
0.200000 0.010000 0.620000 0.170000 
0.250000 0.020000 0.360000 0.370000 
0.060000 0.360000 0.580000 0.000000 
1.000000 0.000000 0.000000 0.000000 
0.000000 0.000000 0.000000 1.000000 
0.000000 0.000000 1.000000 0.000000 
0.020000 0.470000 0.480000 0.030000 
0.450000 0.000000 0.550000 0.000000 
0.020000 0.380000 0.160000 0.440000 
0.020000 0.270000 0.500000 0.210000 
0.470000 0.200000 0.180000 0.150000 
0.020000 0.300000 0.600000 0.080000 

MOTIF model_0_filter_068 model_0_filter_068
letter-probability matrix: alength= 4 w= 13 nsites= 101
0.217822 0.029703 0.544554 0.207921 
0.396040 0.277228 0.099010 0.227723 
0.207921 0.722772 0.009901 0.059406 
1.000000 0.000000 0.000000 0.000000 
0.000000 0.000000 0.000000 1.000000 
0.000000 0.000000 1.000000 0.000000 
0.000000 0.009901 0.940594 0.049505 
0.039604 0.910891 0.009901 0.039604 
0.108911 0.811881 0.019802 0.059406 
0.425743 0.009901 0.405941 0.158416 
0.029703 0.504950 0.049505 0.415842 
0.227723 0.405941 0.178218 0.188119 
0.415842 0.237624 0.227723 0.118812 

MOTIF model_0_filter_069 model_0_filter_069
letter-probability matrix: alength= 4 w= 13 nsites= 100
0.320000 0.060000 0.600000 0.020000 
0.000000 0.830000 0.000000 0.170000 
0.340000 0.000000 0.000000 0.660000 
0.330000 0.030000 0.480000 0.160000 
0.000000 0.150000 0.360000 0.490000 
