MEME version 4

ALPHABET= ACGU

strands: +

Background letter frequencies
A 0.25 C 0.25 G 0.25 U 0.25

MOTIF model_8_filter_000 model_8_filter_000
letter-probability matrix: alength= 4 w= 13 nsites= 100
0.320000 0.290000 0.240000 0.150000 
0.000000 0.780000 0.200000 0.020000 
0.010000 0.290000 0.120000 0.580000 
0.000000 0.580000 0.060000 0.360000 
0.010000 0.470000 0.080000 0.440000 
0.000000 0.270000 0.300000 0.430000 
0.000000 0.600000 0.000000 0.400000 
0.030000 0.900000 0.070000 0.000000 
0.000000 0.000000 0.000000 1.000000 
0.010000 0.990000 0.000000 0.000000 
0.000000 1.000000 0.000000 0.000000 
0.370000 0.230000 0.000000 0.400000 
0.000000 0.440000 0.140000 0.420000 

MOTIF model_8_filter_001 model_8_filter_001
letter-probability matrix: alength= 4 w= 13 nsites= 100
0.050000 0.470000 0.010000 0.470000 
0.290000 0.060000 0.050000 0.600000 
0.050000 0.050000 0.900000 0.000000 
0.370000 0.330000 0.280000 0.020000 
0.930000 0.000000 0.070000 0.000000 
1.000000 0.000000 0.000000 0.000000 
0.000000 0.000000 0.000000 1.000000 
0.580000 0.410000 0.010000 0.000000 
0.020000 0.000000 0.000000 0.980000 
0.940000 0.000000 0.010000 0.050000 
0.220000 0.290000 0.260000 0.230000 
0.530000 0.180000 0.210000 0.080000 
0.310000 0.230000 0.050000 0.410000 

MOTIF model_8_filter_002 model_8_filter_002
letter-probability matrix: alength= 4 w= 13 nsites= 100
0.170000 0.080000 0.170000 0.580000 
0.080000 0.120000 0.650000 0.150000 
0.240000 0.030000 0.660000 0.070000 
0.870000 0.050000 0.040000 0.040000 
0.000000 0.000000 0.010000 0.990000 
0.060000 0.020000 0.920000 0.000000 
0.010000 0.910000 0.010000 0.070000 
0.000000 0.430000 0.030000 0.540000 
0.090000 0.040000 0.870000 0.000000 
0.300000 0.020000 0.220000 0.460000 
0.060000 0.230000 0.640000 0.070000 
0.090000 0.260000 0.310000 0.340000 
0.390000 0.020000 0.530000 0.060000 

MOTIF model_8_filter_003 model_8_filter_003
letter-probability matrix: alength= 4 w= 13 nsites= 100
0.640000 0.020000 0.060000 0.280000 
0.120000 0.100000 0.780000 0.000000 
0.340000 0.250000 0.360000 0.050000 
0.070000 0.830000 0.090000 0.010000 
0.000000 0.240000 0.760000 0.000000 
0.110000 0.360000 0.000000 0.530000 
0.010000 0.010000 0.090000 0.890000 
0.000000 0.890000 0.000000 0.110000 
0.410000 0.430000 0.000000 0.160000 
0.370000 0.540000 0.000000 0.090000 
0.470000 0.070000 0.300000 0.160000 
0.100000 0.230000 0.320000 0.350000 
0.110000 0.620000 0.120000 0.150000 

MOTIF model_8_filter_004 model_8_filter_004
letter-probability matrix: alength= 4 w= 13 nsites= 100
0.800000 0.030000 0.000000 0.170000 
0.410000 0.050000 0.010000 0.530000 
0.870000 0.010000 0.040000 0.080000 
0.820000 0.070000 0.010000 0.100000 
0.780000 0.140000 0.000000 0.080000 
0.980000 0.000000 0.000000 0.020000 
0.330000 0.670000 0.000000 0.000000 
0.970000 0.000000 0.000000 0.030000 
0.130000 0.870000 0.000000 0.000000 
0.200000 0.080000 0.590000 0.130000 
0.310000 0.430000 0.210000 0.050000 
0.850000 0.000000 0.020000 0.130000 
0.230000 0.350000 0.230000 0.190000 

MOTIF model_8_filter_005 model_8_filter_005
letter-probability matrix: alength= 4 w= 13 nsites= 100
0.120000 0.250000 0.190000 0.440000 
0.000000 0.080000 0.000000 0.920000 
0.000000 0.490000 0.000000 0.510000 
0.000000 0.430000 0.000000 0.570000 
0.000000 0.310000 0.690000 0.000000 
0.020000 0.110000 0.870000 0.000000 
0.000000 0.000000 1.000000 0.000000 
0.640000 0.360000 0.000000 0.000000 
0.000000 0.000000 0.680000 0.320000 
0.070000 0.870000 0.060000 0.000000 
0.000000 0.210000 0.230000 0.560000 
0.000000 0.220000 0.630000 0.150000 
0.190000 0.260000 0.140000 0.410000 

MOTIF model_8_filter_006 model_8_filter_006
letter-probability matrix: alength= 4 w= 13 nsites= 100
0.140000 0.170000 0.080000 0.610000 
0.000000 0.440000 0.420000 0.140000 
0.010000 0.000000 0.040000 0.950000 
0.020000 0.180000 0.010000 0.790000 
0.270000 0.000000 0.000000 0.730000 
0.000000 0.000000 0.000000 1.000000 
0.740000 0.000000 0.000000 0.260000 
0.210000 0.370000 0.220000 0.200000 
0.000000 0.070000 0.050000 0.880000 
0.800000 0.010000 0.190000 0.000000 
0.340000 0.470000 0.120000 0.070000 
0.780000 0.030000 0.080000 0.110000 
0.150000 0.190000 0.450000 0.210000 

MOTIF model_8_filter_007 model_8_filter_007
letter-probability matrix: alength= 4 w= 13 nsites= 100
0.020000 0.180000 0.760000 0.040000 
0.590000 0.170000 0.110000 0.130000 
0.190000 0.250000 0.490000 0.070000 
0.990000 0.010000 0.000000 0.000000 
0.000000 0.000000 0.010000 0.990000 
0.020000 0.000000 0.980000 0.000000 
0.880000 0.000000 0.110000 0.010000 
0.020000 0.000000 0.620000 0.360000 
0.000000 0.000000 0.730000 0.270000 
0.260000 0.470000 0.140000 0.130000 
0.370000 0.320000 0.130000 0.180000 
0.040000 0.200000 0.290000 0.470000 
0.120000 0.120000 0.580000 0.180000 

MOTIF model_8_filter_008 model_8_filter_008
letter-probability matrix: alength= 4 w= 13 nsites= 100
0.070000 0.170000 0.610000 0.150000 
0.950000 0.000000 0.000000 0.050000 
0.780000 0.160000 0.060000 0.000000 
0.000000 0.150000 0.040000 0.810000 
1.000000 0.000000 0.000000 0.000000 
0.040000 0.000000 0.960000 0.000000 
0.380000 0.530000 0.080000 0.010000 
0.990000 0.010000 0.000000 0.000000 
0.500000 0.040000 0.460000 0.000000 
0.260000 0.440000 0.280000 0.020000 
0.300000 0.360000 0.040000 0.300000 
0.020000 0.680000 0.300000 0.000000 
0.270000 0.230000 0.230000 0.270000 

MOTIF model_8_filter_009 model_8_filter_009
letter-probability matrix: alength= 4 w= 13 nsites= 100
0.540000 0.110000 0.150000 0.200000 
0.050000 0.510000 0.090000 0.350000 
0.600000 0.300000 0.080000 0.020000 
0.960000 0.010000 0.030000 0.000000 
0.940000 0.010000 0.050000 0.000000 
0.360000 0.240000 0.240000 0.160000 
1.000000 0.000000 0.000000 0.000000 
0.000000 0.000000 0.000000 1.000000 
0.000000 0.000000 1.000000 0.000000 
0.350000 0.120000 0.470000 0.060000 
0.050000 0.690000 0.170000 0.090000 
0.580000 0.110000 0.140000 0.170000 
0.030000 0.220000 0.660000 0.090000 

MOTIF model_8_filter_010 model_8_filter_010
letter-probability matrix: alength= 4 w= 13 nsites= 100
0.400000 0.280000 0.160000 0.160000 
0.280000 0.130000 0.020000 0.570000 
0.000000 0.240000 0.630000 0.130000 
0.120000 0.000000 0.410000 0.470000 
0.970000 0.010000 0.020000 0.000000 
0.000000 0.000000 0.000000 1.000000 
0.900000 0.020000 0.000000 0.080000 
0.170000 0.810000 0.000000 0.020000 
0.790000 0.000000 0.000000 0.210000 
0.400000 0.000000 0.050000 0.550000 
0.820000 0.050000 0.060000 0.070000 
0.670000 0.230000 0.010000 0.090000 
0.420000 0.220000 0.260000 0.100000 

MOTIF model_8_filter_011 model_8_filter_011
letter-probability matrix: alength= 4 w= 13 nsites= 100
0.070000 0.020000 0.670000 0.240000 
0.150000 0.330000 0.200000 0.320000 
0.390000 0.070000 0.010000 0.530000 
1.000000 0.000000 0.000000 0.000000 
0.000000 0.000000 0.680000 0.320000 
0.070000 0.650000 0.000000 0.280000 
0.000000 0.000000 0.900000 0.100000 
0.380000 0.080000 0.540000 0.000000 
0.410000 0.210000 0.380000 0.000000 
0.270000 0.670000 0.030000 0.030000 
0.210000 0.500000 0.000000 0.290000 
0.670000 0.060000 0.240000 0.030000 
0.360000 0.300000 0.280000 0.060000 

MOTIF model_8_filter_012 model_8_filter_012
letter-probability matrix: alength= 4 w= 13 nsites= 101
0.188119 0.455446 0.128713 0.227723 
0.336634 0.059406 0.257426 0.346535 
0.247525 0.108911 0.079208 0.564356 
0.000000 0.000000 0.346535 0.653465 
0.594059 0.009901 0.000000 0.396040 
0.019802 0.425743 0.504950 0.049505 
0.396040 0.000000 0.118812 0.485149 
0.178218 0.544554 0.009901 0.267327 
0.000000 0.079208 0.900990 0.019802 
0.237624 0.000000 0.752475 0.009901 
0.000000 0.000000 1.000000 0.000000 
0.217822 0.029703 0.623762 0.128713 
0.673267 0.128713 0.138614 0.059406 

MOTIF model_8_filter_013 model_8_filter_013
letter-probability matrix: alength= 4 w= 13 nsites= 100
0.270000 0.060000 0.460000 0.210000 
0.270000 0.340000 0.000000 0.390000 
0.490000 0.070000 0.000000 0.440000 
1.000000 0.000000 0.000000 0.000000 
0.000000 0.000000 0.000000 1.000000 
0.000000 0.000000 1.000000 0.000000 
0.470000 0.030000 0.000000 0.500000 
0.280000 0.010000 0.340000 0.370000 
0.770000 0.170000 0.020000 0.040000 
0.460000 0.440000 0.050000 0.050000 
0.160000 0.210000 0.630000 0.000000 
0.600000 0.010000 0.010000 0.380000 
0.100000 0.400000 0.050000 0.450000 

MOTIF model_8_filter_014 model_8_filter_014
letter-probability matrix: alength= 4 w= 13 nsites= 100
0.810000 0.010000 0.140000 0.040000 
0.910000 0.000000 0.000000 0.090000 
0.110000 0.160000 0.010000 0.720000 
0.990000 0.010000 0.000000 0.000000 
0.000000 0.000000 0.000000 1.000000 
0.000000 0.000000 1.000000 0.000000 
0.200000 0.530000 0.000000 0.270000 
0.870000 0.120000 0.010000 0.000000 
0.780000 0.000000 0.000000 0.220000 
0.360000 0.140000 0.080000 0.420000 
0.070000 0.060000 0.350000 0.520000 
0.400000 0.140000 0.100000 0.360000 
0.330000 0.150000 0.110000 0.410000 

MOTIF model_8_filter_015 model_8_filter_015
letter-probability matrix: alength= 4 w= 13 nsites= 100
0.440000 0.370000 0.060000 0.130000 
0.520000 0.030000 0.180000 0.270000 
0.000000 0.790000 0.000000 0.210000 
0.450000 0.000000 0.190000 0.360000 
0.000000 0.150000 0.000000 0.850000 
0.000000 0.000000 0.160000 0.840000 
0.980000 0.000000 0.000000 0.020000 
0.010000 0.060000 0.510000 0.420000 
0.810000 0.070000 0.000000 0.120000 
0.000000 0.120000 0.140000 0.740000 
0.000000 0.070000 0.050000 0.880000 
0.020000 0.000000 0.900000 0.080000 
0.270000 0.080000 0.110000 0.540000 

MOTIF model_8_filter_016 model_8_filter_016
letter-probability matrix: alength= 4 w= 13 nsites= 100
0.270000 0.310000 0.230000 0.190000 
0.130000 0.080000 0.260000 0.530000 
0.390000 0.000000 0.250000 0.360000 
0.000000 0.620000 0.130000 0.250000 
1.000000 0.000000 0.000000 0.000000 
0.300000 0.000000 0.680000 0.020000 
1.000000 0.000000 0.000000 0.000000 
0.060000 0.280000 0.100000 0.560000 
0.990000 0.000000 0.010000 0.000000 
0.000000 1.000000 0.000000 0.000000 
0.140000 0.000000 0.410000 0.450000 
0.130000 0.710000 0.060000 0.100000 
0.070000 0.000000 0.530000 0.400000 

MOTIF model_8_filter_017 model_8_filter_017
letter-probability matrix: alength= 4 w= 13 nsites= 100
0.100000 0.060000 0.300000 0.540000 
0.090000 0.130000 0.190000 0.590000 
0.050000 0.090000 0.000000 0.860000 
0.950000 0.050000 0.000000 0.000000 
0.000000 0.720000 0.010000 0.270000 
0.140000 0.000000 0.000000 0.860000 
0.000000 0.000000 0.800000 0.200000 
0.000000 0.000000 0.000000 1.000000 
0.640000 0.000000 0.360000 0.000000 
0.300000 0.000000 0.000000 0.700000 
0.000000 0.000000 0.100000 0.900000 
0.050000 0.070000 0.400000 0.480000 
0.210000 0.250000 0.230000 0.310000 

MOTIF model_8_filter_018 model_8_filter_018
letter-probability matrix: alength= 4 w= 13 nsites= 100
0.290000 0.180000 0.360000 0.170000 
0.400000 0.060000 0.400000 0.140000 
0.490000 0.410000 0.050000 0.050000 
0.050000 0.890000 0.020000 0.040000 
1.000000 0.000000 0.000000 0.000000 
0.140000 0.400000 0.460000 0.000000 
0.000000 1.000000 0.000000 0.000000 
0.780000 0.000000 0.220000 0.000000 
0.000000 0.000000 1.000000 0.000000 
0.000000 0.980000 0.020000 0.000000 
0.110000 0.370000 0.000000 0.520000 
0.000000 0.700000 0.300000 0.000000 
0.010000 0.730000 0.090000 0.170000 

MOTIF model_8_filter_019 model_8_filter_019
letter-probability matrix: alength= 4 w= 13 nsites= 100
0.230000 0.260000 0.210000 0.300000 
0.040000 0.200000 0.170000 0.590000 
0.050000 0.840000 0.000000 0.110000 
0.980000 0.000000 0.010000 0.010000 
0.000000 0.000000 0.680000 0.320000 
0.280000 0.000000 0.720000 0.000000 
0.000000 0.000000 0.050000 0.950000 
0.180000 0.000000 0.810000 0.010000 
0.050000 0.030000 0.000000 0.920000 
0.000000 0.000000 0.010000 0.990000 
0.000000 0.030000 0.640000 0.330000 
0.550000 0.060000 0.140000 0.250000 
0.250000 0.120000 0.330000 0.300000 

MOTIF model_8_filter_020 model_8_filter_020
letter-probability matrix: alength= 4 w= 13 nsites= 100
0.110000 0.140000 0.430000 0.320000 
0.190000 0.640000 0.010000 0.160000 
0.230000 0.120000 0.020000 0.630000 
0.040000 0.000000 0.960000 0.000000 
0.080000 0.850000 0.070000 0.000000 
0.400000 0.050000 0.290000 0.260000 
1.000000 0.000000 0.000000 0.000000 
0.000000 0.000000 0.000000 1.000000 
0.000000 0.020000 0.980000 0.000000 
0.780000 0.020000 0.140000 0.060000 
0.120000 0.040000 0.070000 0.770000 
0.110000 0.230000 0.480000 0.180000 
0.570000 0.070000 0.120000 0.240000 

MOTIF model_8_filter_021 model_8_filter_021
letter-probability matrix: alength= 4 w= 13 nsites= 100
0.030000 0.100000 0.400000 0.470000 
0.190000 0.140000 0.380000 0.290000 
0.240000 0.170000 0.340000 0.250000 
0.020000 0.000000 0.970000 0.010000 
0.000000 0.830000 0.170000 0.000000 
0.000000 0.000000 0.000000 1.000000 
0.000000 0.000000 1.000000 0.000000 
0.000000 0.000000 0.000000 1.000000 
0.000000 0.000000 0.000000 1.000000 
0.000000 0.000000 0.000000 1.000000 
0.000000 0.000000 0.140000 0.860000 
0.000000 0.010000 0.370000 0.620000 
0.200000 0.090000 0.500000 0.210000 

MOTIF model_8_filter_022 model_8_filter_022
letter-probability matrix: alength= 4 w= 13 nsites= 100
0.050000 0.270000 0.390000 0.290000 
0.940000 0.060000 0.000000 0.000000 
0.040000 0.340000 0.010000 0.610000 
0.480000 0.010000 0.090000 0.420000 
0.000000 0.000000 0.000000 1.000000 
0.000000 0.000000 0.000000 1.000000 
0.360000 0.000000 0.640000 0.000000 
0.410000 0.000000 0.000000 0.590000 
0.050000 0.020000 0.000000 0.930000 
0.000000 0.010000 0.820000 0.170000 
0.700000 0.120000 0.100000 0.080000 
0.420000 0.300000 0.150000 0.130000 
0.250000 0.190000 0.240000 0.320000 

MOTIF model_8_filter_023 model_8_filter_023
letter-probability matrix: alength= 4 w= 13 nsites= 100
0.250000 0.080000 0.220000 0.450000 
0.130000 0.070000 0.450000 0.350000 
0.030000 0.850000 0.090000 0.030000 
0.930000 0.050000 0.000000 0.020000 
0.020000 0.000000 0.000000 0.980000 
0.000000 0.050000 0.950000 0.000000 
0.570000 0.120000 0.310000 0.000000 
0.260000 0.010000 0.000000 0.730000 
0.000000 0.170000 0.770000 0.060000 
0.430000 0.150000 0.420000 0.000000 
0.210000 0.150000 0.040000 0.600000 
0.150000 0.000000 0.770000 0.080000 
0.210000 0.040000 0.480000 0.270000 

MOTIF model_8_filter_024 model_8_filter_024
letter-probability matrix: alength= 4 w= 13 nsites= 100
0.250000 0.280000 0.400000 0.070000 
0.080000 0.290000 0.590000 0.040000 
0.000000 0.780000 0.070000 0.150000 
0.000000 0.040000 0.960000 0.000000 
0.000000 0.070000 0.810000 0.120000 
0.330000 0.500000 0.170000 0.000000 
0.000000 0.580000 0.070000 0.350000 
0.000000 0.480000 0.520000 0.000000 
0.000000 0.350000 0.640000 0.010000 
0.000000 0.020000 0.980000 0.000000 
0.000000 0.450000 0.550000 0.000000 
0.120000 0.140000 0.720000 0.020000 
0.110000 0.360000 0.420000 0.110000 

MOTIF model_8_filter_025 model_8_filter_025
letter-probability matrix: alength= 4 w= 13 nsites= 100
0.130000 0.450000 0.190000 0.230000 
0.570000 0.030000 0.120000 0.280000 
0.540000 0.050000 0.380000 0.030000 
0.000000 0.370000 0.000000 0.630000 
0.400000 0.000000 0.100000 0.500000 
0.890000 0.000000 0.000000 0.110000 
0.000000 0.000000 0.000000 1.000000 
0.000000 0.000000 0.480000 0.520000 
0.980000 0.000000 0.000000 0.020000 
0.340000 0.450000 0.080000 0.130000 
0.630000 0.000000 0.000000 0.370000 
0.020000 0.850000 0.120000 0.010000 
0.510000 0.410000 0.020000 0.060000 

MOTIF model_8_filter_026 model_8_filter_026
letter-probability matrix: alength= 4 w= 13 nsites= 100
0.440000 0.070000 0.250000 0.240000 
0.520000 0.330000 0.100000 0.050000 
0.040000 0.860000 0.000000 0.100000 
0.390000 0.000000 0.290000 0.320000 
0.000000 0.010000 0.950000 0.040000 
0.000000 0.000000 1.000000 0.000000 
0.590000 0.360000 0.000000 0.050000 
0.040000 0.090000 0.000000 0.870000 
0.000000 1.000000 0.000000 0.000000 
0.250000 0.240000 0.000000 0.510000 
0.010000 0.410000 0.490000 0.090000 
0.050000 0.680000 0.160000 0.110000 
0.380000 0.030000 0.150000 0.440000 

MOTIF model_8_filter_027 model_8_filter_027
letter-probability matrix: alength= 4 w= 13 nsites= 100
0.150000 0.300000 0.190000 0.360000 
0.400000 0.320000 0.050000 0.230000 
0.970000 0.000000 0.030000 0.000000 
0.010000 0.310000 0.160000 0.520000 
0.470000 0.000000 0.530000 0.000000 
1.000000 0.000000 0.000000 0.000000 
0.000000 0.000000 0.000000 1.000000 
0.000000 0.000000 1.000000 0.000000 
0.000000 0.200000 0.670000 0.130000 
0.790000 0.040000 0.010000 0.160000 
0.200000 0.080000 0.410000 0.310000 
0.400000 0.130000 0.050000 0.420000 
0.220000 0.230000 0.240000 0.310000 

MOTIF model_8_filter_028 model_8_filter_028
letter-probability matrix: alength= 4 w= 13 nsites= 100
0.150000 0.280000 0.340000 0.230000 
0.530000 0.190000 0.190000 0.090000 
0.090000 0.270000 0.060000 0.580000 
0.230000 0.390000 0.270000 0.110000 
0.000000 1.000000 0.000000 0.000000 
0.000000 1.000000 0.000000 0.000000 
0.020000 0.000000 0.070000 0.910000 
0.000000 1.000000 0.000000 0.000000 
0.010000 0.950000 0.000000 0.040000 
0.360000 0.630000 0.000000 0.010000 
0.020000 0.740000 0.000000 0.240000 
0.270000 0.620000 0.020000 0.090000 
0.020000 0.280000 0.110000 0.590000 

MOTIF model_8_filter_029 model_8_filter_029
letter-probability matrix: alength= 4 w= 13 nsites= 100
0.140000 0.240000 0.310000 0.310000 
0.200000 0.380000 0.220000 0.200000 
0.640000 0.020000 0.340000 0.000000 
0.000000 0.360000 0.010000 0.630000 
0.010000 0.000000 0.990000 0.000000 
0.000000 0.000000 1.000000 0.000000 
0.420000 0.130000 0.370000 0.080000 
0.000000 0.000000 0.150000 0.850000 
0.000000 0.070000 0.930000 0.000000 
0.360000 0.010000 0.460000 0.170000 
0.060000 0.010000 0.870000 0.060000 
0.650000 0.000000 0.100000 0.250000 
0.060000 0.010000 0.570000 0.360000 

MOTIF model_8_filter_030 model_8_filter_030
letter-probability matrix: alength= 4 w= 13 nsites= 100
0.130000 0.380000 0.100000 0.390000 
0.460000 0.410000 0.050000 0.080000 
0.410000 0.020000 0.530000 0.040000 
0.060000 0.710000 0.010000 0.220000 
0.000000 0.000000 1.000000 0.000000 
0.050000 0.020000 0.650000 0.280000 
0.000000 0.940000 0.000000 0.060000 
0.000000 0.000000 1.000000 0.000000 
0.000000 0.990000 0.000000 0.010000 
0.130000 0.590000 0.040000 0.240000 
0.330000 0.050000 0.370000 0.250000 
0.450000 0.100000 0.050000 0.400000 
0.220000 0.250000 0.080000 0.450000 

MOTIF model_8_filter_031 model_8_filter_031
letter-probability matrix: alength= 4 w= 13 nsites= 100
0.310000 0.300000 0.250000 0.140000 
0.800000 0.000000 0.160000 0.040000 
0.050000 0.410000 0.510000 0.030000 
0.190000 0.280000 0.080000 0.450000 
0.960000 0.000000 0.030000 0.010000 
0.120000 0.860000 0.020000 0.000000 
0.090000 0.770000 0.000000 0.140000 
0.580000 0.040000 0.000000 0.380000 
0.000000 1.000000 0.000000 0.000000 
0.780000 0.000000 0.000000 0.220000 
0.040000 0.240000 0.430000 0.290000 
0.800000 0.110000 0.000000 0.090000 
0.460000 0.070000 0.350000 0.120000 

MOTIF model_8_filter_032 model_8_filter_032
letter-probability matrix: alength= 4 w= 13 nsites= 100
0.220000 0.240000 0.060000 0.480000 
0.540000 0.430000 0.030000 0.000000 
0.000000 0.180000 0.010000 0.810000 
0.400000 0.040000 0.000000 0.560000 
0.000000 0.110000 0.850000 0.040000 
0.000000 0.000000 0.000000 1.000000 
0.000000 0.000000 0.000000 1.000000 
0.000000 0.050000 0.000000 0.950000 
0.240000 0.000000 0.000000 0.760000 
0.880000 0.000000 0.070000 0.050000 
0.090000 0.360000 0.550000 0.000000 
0.010000 0.310000 0.360000 0.320000 
0.240000 0.090000 0.300000 0.370000 

MOTIF model_8_filter_033 model_8_filter_033
letter-probability matrix: alength= 4 w= 13 nsites= 100
0.270000 0.110000 0.530000 0.090000 
0.330000 0.100000 0.110000 0.460000 
0.090000 0.770000 0.110000 0.030000 
1.000000 0.000000 0.000000 0.000000 
0.000000 0.000000 0.000000 1.000000 
0.000000 0.000000 1.000000 0.000000 
0.000000 0.000000 0.750000 0.250000 
0.070000 0.890000 0.010000 0.030000 
0.260000 0.000000 0.050000 0.690000 
0.450000 0.210000 0.240000 0.100000 
0.180000 0.010000 0.180000 0.630000 
0.180000 0.030000 0.250000 0.540000 
0.020000 0.240000 0.450000 0.290000 

MOTIF model_8_filter_034 model_8_filter_034
letter-probability matrix: alength= 4 w= 13 nsites= 100
0.260000 0.260000 0.010000 0.470000 
0.140000 0.610000 0.150000 0.100000 
0.130000 0.040000 0.000000 0.830000 
0.050000 0.950000 0.000000 0.000000 
0.220000 0.680000 0.000000 0.100000 
0.020000 0.980000 0.000000 0.000000 
0.090000 0.010000 0.000000 0.900000 
0.000000 0.980000 0.000000 0.020000 
0.350000 0.270000 0.360000 0.020000 
0.000000 0.880000 0.000000 0.120000 
0.550000 0.300000 0.040000 0.110000 
0.090000 0.790000 0.010000 0.110000 
0.270000 0.430000 0.010000 0.290000 

MOTIF model_8_filter_035 model_8_filter_035
letter-probability matrix: alength= 4 w= 13 nsites= 100
0.190000 0.520000 0.090000 0.200000 
0.080000 0.690000 0.130000 0.100000 
0.010000 0.100000 0.440000 0.450000 
0.000000 0.490000 0.050000 0.460000 
0.020000 0.960000 0.020000 0.000000 
0.040000 0.260000 0.700000 0.000000 
0.730000 0.020000 0.250000 0.000000 
0.000000 0.010000 0.990000 0.000000 
0.010000 0.090000 0.890000 0.010000 
0.000000 0.240000 0.420000 0.340000 
0.000000 0.050000 0.030000 0.920000 
0.070000 0.570000 0.050000 0.310000 
0.470000 0.280000 0.090000 0.160000 

MOTIF model_8_filter_036 model_8_filter_036
letter-probability matrix: alength= 4 w= 13 nsites= 100
0.430000 0.270000 0.220000 0.080000 
0.020000 0.000000 0.710000 0.270000 
0.210000 0.520000 0.270000 0.000000 
0.000000 0.000000 0.010000 0.990000 
1.000000 0.000000 0.000000 0.000000 
0.830000 0.100000 0.050000 0.020000 
0.500000 0.020000 0.000000 0.480000 
0.000000 1.000000 0.000000 0.000000 
0.530000 0.110000 0.310000 0.050000 
0.080000 0.010000 0.330000 0.580000 
0.810000 0.010000 0.100000 0.080000 
0.110000 0.200000 0.360000 0.330000 
0.490000 0.120000 0.280000 0.110000 

MOTIF model_8_filter_037 model_8_filter_037
letter-probability matrix: alength= 4 w= 13 nsites= 100
0.150000 0.200000 0.450000 0.200000 
0.500000 0.340000 0.040000 0.120000 
0.330000 0.260000 0.240000 0.170000 
0.550000 0.000000 0.450000 0.000000 
0.140000 0.860000 0.000000 0.000000 
0.890000 0.000000 0.110000 0.000000 
1.000000 0.000000 0.000000 0.000000 
0.590000 0.270000 0.140000 0.000000 
1.000000 0.000000 0.000000 0.000000 
0.170000 0.000000 0.000000 0.830000 
0.000000 0.010000 0.990000 0.000000 
0.510000 0.070000 0.310000 0.110000 
0.140000 0.430000 0.140000 0.290000 

MOTIF model_8_filter_038 model_8_filter_038
letter-probability matrix: alength= 4 w= 13 nsites= 100
0.690000 0.170000 0.020000 0.120000 
0.200000 0.180000 0.030000 0.590000 
0.460000 0.340000 0.180000 0.020000 
0.280000 0.570000 0.110000 0.040000 
0.140000 0.180000 0.010000 0.670000 
0.010000 0.020000 0.000000 0.970000 
0.540000 0.050000 0.000000 0.410000 
0.000000 0.990000 0.000000 0.010000 
1.000000 0.000000 0.000000 0.000000 
0.070000 0.000000 0.930000 0.000000 
0.040000 0.210000 0.020000 0.730000 
0.060000 0.450000 0.380000 0.110000 
0.280000 0.670000 0.040000 0.010000 

MOTIF model_8_filter_039 model_8_filter_039
letter-probability matrix: alength= 4 w= 13 nsites= 100
0.090000 0.190000 0.240000 0.480000 
0.010000 0.610000 0.210000 0.170000 
0.040000 0.170000 0.190000 0.600000 
0.000000 0.220000 0.770000 0.010000 
0.000000 0.560000 0.000000 0.440000 
0.000000 0.000000 0.000000 1.000000 
0.000000 0.970000 0.000000 0.030000 
0.500000 0.320000 0.150000 0.030000 
0.000000 0.000000 0.980000 0.020000 
0.000000 0.020000 0.870000 0.110000 
0.000000 0.020000 0.560000 0.420000 
0.020000 0.050000 0.120000 0.810000 
0.040000 0.220000 0.120000 0.620000 

MOTIF model_8_filter_040 model_8_filter_040
letter-probability matrix: alength= 4 w= 13 nsites= 100
0.020000 0.110000 0.670000 0.200000 
0.060000 0.080000 0.740000 0.120000 
0.780000 0.160000 0.060000 0.000000 
0.120000 0.050000 0.810000 0.020000 
0.050000 0.010000 0.920000 0.020000 
0.910000 0.050000 0.040000 0.000000 
0.000000 0.010000 0.570000 0.420000 
0.000000 0.000000 1.000000 0.000000 
0.060000 0.080000 0.740000 0.120000 
0.000000 0.050000 0.590000 0.360000 
0.170000 0.000000 0.770000 0.060000 
0.070000 0.020000 0.850000 0.060000 
0.220000 0.320000 0.190000 0.270000 

MOTIF model_8_filter_041 model_8_filter_041
letter-probability matrix: alength= 4 w= 13 nsites= 100
0.570000 0.070000 0.040000 0.320000 
0.030000 0.140000 0.450000 0.380000 
0.000000 0.840000 0.060000 0.100000 
0.000000 0.000000 0.000000 1.000000 
0.010000 0.000000 0.940000 0.050000 
1.000000 0.000000 0.000000 0.000000 
0.250000 0.170000 0.580000 0.000000 
0.800000 0.010000 0.190000 0.000000 
0.000000 0.490000 0.470000 0.040000 
0.540000 0.030000 0.300000 0.130000 
0.590000 0.040000 0.340000 0.030000 
0.120000 0.790000 0.060000 0.030000 
0.200000 0.080000 0.150000 0.570000 

MOTIF model_8_filter_042 model_8_filter_042
letter-probability matrix: alength= 4 w= 13 nsites= 100
0.360000 0.060000 0.280000 0.300000 
0.000000 0.260000 0.350000 0.390000 
0.000000 0.000000 1.000000 0.000000 
0.800000 0.130000 0.000000 0.070000 
0.000000 0.000000 0.000000 1.000000 
0.000000 0.000000 1.000000 0.000000 
0.350000 0.620000 0.000000 0.030000 
0.000000 0.360000 0.000000 0.640000 
0.710000 0.210000 0.000000 0.080000 
0.680000 0.060000 0.000000 0.260000 
0.080000 0.010000 0.500000 0.410000 
0.050000 0.150000 0.510000 0.290000 
0.190000 0.120000 0.240000 0.450000 

MOTIF model_8_filter_043 model_8_filter_043
letter-probability matrix: alength= 4 w= 13 nsites= 100
0.050000 0.150000 0.690000 0.110000 
0.030000 0.340000 0.020000 0.610000 
0.150000 0.680000 0.160000 0.010000 
0.100000 0.110000 0.150000 0.640000 
0.470000 0.000000 0.530000 0.000000 
0.000000 1.000000 0.000000 0.000000 
0.240000 0.080000 0.440000 0.240000 
1.000000 0.000000 0.000000 0.000000 
0.000000 0.860000 0.130000 0.010000 
0.310000 0.060000 0.100000 0.530000 
0.220000 0.070000 0.700000 0.010000 
0.710000 0.040000 0.030000 0.220000 
0.620000 0.030000 0.260000 0.090000 

MOTIF model_8_filter_044 model_8_filter_044
letter-probability matrix: alength= 4 w= 13 nsites= 100
0.020000 0.100000 0.550000 0.330000 
0.050000 0.040000 0.900000 0.010000 
0.470000 0.010000 0.190000 0.330000 
0.430000 0.430000 0.130000 0.010000 
0.820000 0.000000 0.170000 0.010000 
0.000000 0.100000 0.500000 0.400000 
0.070000 0.270000 0.660000 0.000000 
1.000000 0.000000 0.000000 0.000000 
0.060000 0.000000 0.000000 0.940000 
0.000000 0.000000 1.000000 0.000000 
0.150000 0.000000 0.830000 0.020000 
0.200000 0.270000 0.430000 0.100000 
0.350000 0.150000 0.300000 0.200000 

MOTIF model_8_filter_045 model_8_filter_045
letter-probability matrix: alength= 4 w= 13 nsites= 100
0.000000 0.630000 0.120000 0.250000 
0.360000 0.190000 0.150000 0.300000 
0.100000 0.030000 0.590000 0.280000 
0.000000 1.000000 0.000000 0.000000 
0.320000 0.040000 0.390000 0.250000 
0.000000 0.880000 0.000000 0.120000 
0.000000 0.000000 0.000000 1.000000 
1.000000 0.000000 0.000000 0.000000 
0.000000 0.930000 0.000000 0.070000 
0.640000 0.000000 0.010000 0.350000 
0.140000 0.030000 0.110000 0.720000 
0.030000 0.350000 0.220000 0.400000 
0.220000 0.030000 0.190000 0.560000 

MOTIF model_8_filter_046 model_8_filter_046
letter-probability matrix: alength= 4 w= 13 nsites= 100
0.130000 0.310000 0.220000 0.340000 
0.670000 0.050000 0.060000 0.220000 
0.000000 0.220000 0.050000 0.730000 
1.000000 0.000000 0.000000 0.000000 
0.000000 1.000000 0.000000 0.000000 
0.950000 0.000000 0.000000 0.050000 
0.070000 0.900000 0.030000 0.000000 
0.670000 0.000000 0.300000 0.030000 
0.100000 0.540000 0.360000 0.000000 
0.620000 0.110000 0.220000 0.050000 
0.730000 0.000000 0.270000 0.000000 
0.360000 0.240000 0.290000 0.110000 
0.210000 0.260000 0.430000 0.100000 

MOTIF model_8_filter_047 model_8_filter_047
letter-probability matrix: alength= 4 w= 13 nsites= 100
0.080000 0.240000 0.170000 0.510000 
0.000000 0.090000 0.830000 0.080000 
0.070000 0.330000 0.220000 0.380000 
0.000000 0.000000 0.020000 0.980000 
0.600000 0.000000 0.000000 0.400000 
0.070000 0.100000 0.000000 0.830000 
0.010000 0.000000 0.010000 0.980000 
0.780000 0.000000 0.190000 0.030000 
0.970000 0.000000 0.030000 0.000000 
0.260000 0.660000 0.080000 0.000000 
0.000000 0.450000 0.260000 0.290000 
0.150000 0.520000 0.220000 0.110000 
0.040000 0.040000 0.790000 0.130000 

MOTIF model_8_filter_048 model_8_filter_048
letter-probability matrix: alength= 4 w= 13 nsites= 100
0.450000 0.150000 0.170000 0.230000 
0.060000 0.140000 0.630000 0.170000 
0.000000 0.320000 0.600000 0.080000 
0.570000 0.000000 0.230000 0.200000 
0.150000 0.000000 0.000000 0.850000 
0.000000 1.000000 0.000000 0.000000 
0.010000 0.760000 0.220000 0.010000 
1.000000 0.000000 0.000000 0.000000 
0.000000 0.820000 0.180000 0.000000 
0.180000 0.510000 0.090000 0.220000 
0.810000 0.180000 0.000000 0.010000 
0.280000 0.270000 0.300000 0.150000 
0.600000 0.140000 0.000000 0.260000 

MOTIF model_8_filter_049 model_8_filter_049
letter-probability matrix: alength= 4 w= 13 nsites= 100
0.530000 0.080000 0.180000 0.210000 
0.770000 0.000000 0.120000 0.110000 
0.620000 0.050000 0.330000 0.000000 
0.360000 0.300000 0.300000 0.040000 
0.320000 0.000000 0.600000 0.080000 
0.950000 0.050000 0.000000 0.000000 
0.000000 0.020000 0.880000 0.100000 
0.000000 0.000000 1.000000 0.000000 
0.020000 0.000000 0.980000 0.000000 
0.000000 0.000000 1.000000 0.000000 
0.560000 0.070000 0.270000 0.100000 
0.290000 0.220000 0.460000 0.030000 
0.570000 0.020000 0.200000 0.210000 

MOTIF model_8_filter_050 model_8_filter_050
letter-probability matrix: alength= 4 w= 13 nsites= 100
0.190000 0.120000 0.370000 0.320000 
0.030000 0.700000 0.180000 0.090000 
0.960000 0.000000 0.000000 0.040000 
0.230000 0.760000 0.010000 0.000000 
0.140000 0.330000 0.470000 0.060000 
0.580000 0.060000 0.020000 0.340000 
0.000000 0.000000 0.000000 1.000000 
0.940000 0.000000 0.000000 0.060000 
0.000000 0.370000 0.630000 0.000000 
0.040000 0.810000 0.000000 0.150000 
0.120000 0.060000 0.430000 0.390000 
0.080000 0.080000 0.820000 0.020000 
0.520000 0.130000 0.170000 0.180000 

MOTIF model_8_filter_051 model_8_filter_051
letter-probability matrix: alength= 4 w= 13 nsites= 100
0.710000 0.020000 0.070000 0.200000 
0.000000 0.190000 0.510000 0.300000 
0.110000 0.360000 0.390000 0.140000 
0.490000 0.080000 0.400000 0.030000 
0.910000 0.050000 0.030000 0.010000 
0.000000 0.330000 0.070000 0.600000 
0.990000 0.000000 0.000000 0.010000 
0.010000 0.000000 0.980000 0.010000 
0.090000 0.910000 0.000000 0.000000 
0.010000 0.310000 0.160000 0.520000 
0.850000 0.150000 0.000000 0.000000 
0.360000 0.080000 0.090000 0.470000 
0.410000 0.230000 0.240000 0.120000 

MOTIF model_8_filter_052 model_8_filter_052
letter-probability matrix: alength= 4 w= 13 nsites= 100
0.630000 0.120000 0.040000 0.210000 
0.900000 0.070000 0.030000 0.000000 
0.180000 0.090000 0.450000 0.280000 
0.170000 0.830000 0.000000 0.000000 
0.960000 0.040000 0.000000 0.000000 
0.190000 0.000000 0.810000 0.000000 
0.000000 0.560000 0.440000 0.000000 
0.000000 0.230000 0.000000 0.770000 
0.000000 0.580000 0.000000 0.420000 
0.000000 1.000000 0.000000 0.000000 
0.470000 0.110000 0.140000 0.280000 
0.170000 0.020000 0.430000 0.380000 
0.270000 0.390000 0.010000 0.330000 

MOTIF model_8_filter_053 model_8_filter_053
letter-probability matrix: alength= 4 w= 13 nsites= 100
0.310000 0.320000 0.240000 0.130000 
0.110000 0.140000 0.450000 0.300000 
0.060000 0.600000 0.320000 0.020000 
0.290000 0.370000 0.320000 0.020000 
0.990000 0.010000 0.000000 0.000000 
0.000000 0.000000 0.000000 1.000000 
0.000000 0.000000 1.000000 0.000000 
0.080000 0.000000 0.840000 0.080000 
0.490000 0.160000 0.040000 0.310000 
0.020000 0.060000 0.720000 0.200000 
0.090000 0.000000 0.860000 0.050000 
0.120000 0.140000 0.730000 0.010000 
0.370000 0.190000 0.230000 0.210000 

MOTIF model_8_filter_054 model_8_filter_054
letter-probability matrix: alength= 4 w= 13 nsites= 100
0.090000 0.230000 0.150000 0.530000 
0.940000 0.040000 0.010000 0.010000 
0.050000 0.190000 0.220000 0.540000 
0.000000 0.090000 0.020000 0.890000 
0.130000 0.000000 0.400000 0.470000 
0.090000 0.000000 0.180000 0.730000 
0.000000 0.000000 0.000000 1.000000 
0.610000 0.060000 0.000000 0.330000 
0.990000 0.000000 0.010000 0.000000 
0.040000 0.290000 0.070000 0.600000 
0.000000 0.140000 0.000000 0.860000 
0.690000 0.290000 0.000000 0.020000 
0.360000 0.280000 0.240000 0.120000 

MOTIF model_8_filter_055 model_8_filter_055
letter-probability matrix: alength= 4 w= 13 nsites= 100
0.890000 0.000000 0.050000 0.060000 
0.070000 0.290000 0.070000 0.570000 
0.160000 0.150000 0.010000 0.680000 
0.250000 0.270000 0.250000 0.230000 
1.000000 0.000000 0.000000 0.000000 
0.000000 0.570000 0.000000 0.430000 
0.820000 0.170000 0.010000 0.000000 
0.550000 0.450000 0.000000 0.000000 
0.180000 0.820000 0.000000 0.000000 
0.530000 0.040000 0.420000 0.010000 
0.120000 0.000000 0.850000 0.030000 
0.080000 0.140000 0.780000 0.000000 
0.390000 0.320000 0.160000 0.130000 

MOTIF model_8_filter_056 model_8_filter_056
letter-probability matrix: alength= 4 w= 13 nsites= 100
0.170000 0.130000 0.070000 0.630000 
0.040000 0.440000 0.510000 0.010000 
0.010000 0.000000 0.010000 0.980000 
0.000000 0.210000 0.780000 0.010000 
1.000000 0.000000 0.000000 0.000000 
0.920000 0.000000 0.080000 0.000000 
0.010000 0.990000 0.000000 0.000000 
0.050000 0.400000 0.450000 0.100000 
0.140000 0.490000 0.150000 0.220000 
0.050000 0.160000 0.790000 0.000000 
0.010000 0.900000 0.010000 0.080000 
0.130000 0.050000 0.700000 0.120000 
0.400000 0.240000 0.220000 0.140000 

MOTIF model_8_filter_057 model_8_filter_057
letter-probability matrix: alength= 4 w= 13 nsites= 100
0.180000 0.610000 0.110000 0.100000 
0.190000 0.170000 0.000000 0.640000 
0.080000 0.250000 0.170000 0.500000 
0.410000 0.220000 0.170000 0.200000 
0.930000 0.000000 0.000000 0.070000 
0.000000 0.000000 0.030000 0.970000 
0.820000 0.000000 0.000000 0.180000 
0.600000 0.000000 0.290000 0.110000 
0.540000 0.450000 0.000000 0.010000 
0.500000 0.040000 0.440000 0.020000 
0.140000 0.860000 0.000000 0.000000 
0.220000 0.390000 0.310000 0.080000 
0.490000 0.090000 0.200000 0.220000 

MOTIF model_8_filter_058 model_8_filter_058
letter-probability matrix: alength= 4 w= 13 nsites= 100
0.270000 0.060000 0.220000 0.450000 
0.030000 0.590000 0.240000 0.140000 
0.490000 0.360000 0.050000 0.100000 
0.660000 0.000000 0.100000 0.240000 
0.080000 0.100000 0.820000 0.000000 
0.000000 1.000000 0.000000 0.000000 
1.000000 0.000000 0.000000 0.000000 
0.090000 0.040000 0.000000 0.870000 
0.050000 0.950000 0.000000 0.000000 
0.000000 0.010000 0.180000 0.810000 
0.030000 0.910000 0.000000 0.060000 
0.110000 0.120000 0.130000 0.640000 
0.030000 0.260000 0.610000 0.100000 

MOTIF model_8_filter_059 model_8_filter_059
letter-probability matrix: alength= 4 w= 13 nsites= 106
0.009434 0.066038 0.075472 0.849057 
0.000000 0.962264 0.000000 0.037736 
0.000000 0.000000 0.000000 1.000000 
0.000000 0.981132 0.018868 0.000000 
0.000000 0.000000 0.000000 1.000000 
0.066038 0.933962 0.000000 0.000000 
0.000000 0.000000 0.000000 1.000000 
0.000000 1.000000 0.000000 0.000000 
0.000000 0.000000 0.000000 1.000000 
0.000000 1.000000 0.000000 0.000000 
0.000000 0.000000 0.000000 1.000000 
0.000000 1.000000 0.000000 0.000000 
0.000000 0.169811 0.056604 0.773585 

MOTIF model_8_filter_060 model_8_filter_060
letter-probability matrix: alength= 4 w= 13 nsites= 100
0.060000 0.070000 0.250000 0.620000 
0.180000 0.150000 0.620000 0.050000 
0.180000 0.210000 0.150000 0.460000 
0.530000 0.100000 0.020000 0.350000 
0.130000 0.310000 0.520000 0.040000 
0.000000 0.020000 0.590000 0.390000 
0.000000 0.000000 0.990000 0.010000 
0.100000 0.340000 0.040000 0.520000 
0.000000 0.000000 0.070000 0.930000 
0.000000 0.000000 0.960000 0.040000 
0.010000 0.000000 0.560000 0.430000 
0.050000 0.110000 0.770000 0.070000 
0.020000 0.000000 0.010000 0.970000 

MOTIF model_8_filter_061 model_8_filter_061
letter-probability matrix: alength= 4 w= 13 nsites= 100
0.530000 0.180000 0.050000 0.240000 
0.180000 0.000000 0.480000 0.340000 
0.010000 0.040000 0.920000 0.030000 
0.640000 0.200000 0.000000 0.160000 
0.000000 0.000000 0.930000 0.070000 
0.000000 0.000000 0.940000 0.060000 
0.120000 0.400000 0.480000 0.000000 
0.420000 0.050000 0.270000 0.260000 
0.000000 0.000000 1.000000 0.000000 
0.350000 0.040000 0.610000 0.000000 
0.000000 0.120000 0.520000 0.360000 
0.520000 0.130000 0.340000 0.010000 
0.250000 0.110000 0.220000 0.420000 

MOTIF model_8_filter_062 model_8_filter_062
letter-probability matrix: alength= 4 w= 13 nsites= 100
0.280000 0.100000 0.120000 0.500000 
0.250000 0.160000 0.160000 0.430000 
0.440000 0.010000 0.290000 0.260000 
0.580000 0.020000 0.280000 0.120000 
0.070000 0.020000 0.000000 0.910000 
0.330000 0.120000 0.040000 0.510000 
0.690000 0.000000 0.000000 0.310000 
0.110000 0.000000 0.230000 0.660000 
0.970000 0.000000 0.000000 0.030000 
0.000000 0.030000 0.970000 0.000000 
0.080000 0.000000 0.000000 0.920000 
0.080000 0.050000 0.540000 0.330000 
0.020000 0.000000 0.750000 0.230000 

MOTIF model_8_filter_063 model_8_filter_063
letter-probability matrix: alength= 4 w= 13 nsites= 100
0.050000 0.280000 0.490000 0.180000 
0.110000 0.620000 0.240000 0.030000 
0.250000 0.000000 0.750000 0.000000 
0.030000 0.310000 0.660000 0.000000 
0.230000 0.000000 0.770000 0.000000 
1.000000 0.000000 0.000000 0.000000 
0.000000 0.000000 0.000000 1.000000 
0.000000 0.000000 1.000000 0.000000 
0.340000 0.010000 0.430000 0.220000 
0.370000 0.230000 0.390000 0.010000 
0.360000 0.210000 0.120000 0.310000 
0.060000 0.170000 0.140000 0.630000 
0.340000 0.110000 0.210000 0.340000 

MOTIF model_8_filter_064 model_8_filter_064
letter-probability matrix: alength= 4 w= 13 nsites= 101
0.475248 0.138614 0.287129 0.099010 
0.405941 0.059406 0.009901 0.524752 
0.148515 0.465347 0.386139 0.000000 
0.960396 0.039604 0.000000 0.000000 
0.000000 0.000000 0.000000 1.000000 
0.000000 0.000000 1.000000 0.000000 
0.019802 0.039604 0.940594 0.000000 
0.702970 0.267327 0.000000 0.029703 
0.039604 0.712871 0.207921 0.039604 
0.069307 0.495050 0.118812 0.316832 
0.049505 0.108911 0.198020 0.643564 
0.297030 0.039604 0.029703 0.633663 
0.148515 0.069307 0.089109 0.693069 

MOTIF model_8_filter_065 model_8_filter_065
letter-probability matrix: alength= 4 w= 13 nsites= 100
0.060000 0.200000 0.280000 0.460000 
0.100000 0.040000 0.260000 0.600000 
0.630000 0.240000 0.020000 0.110000 
0.030000 0.090000 0.440000 0.440000 
0.000000 0.000000 1.000000 0.000000 
0.770000 0.150000 0.080000 0.000000 
0.990000 0.000000 0.000000 0.010000 
0.990000 0.010000 0.000000 0.000000 
0.120000 0.050000 0.080000 0.750000 
0.070000 0.700000 0.230000 0.000000 
0.900000 0.020000 0.070000 0.010000 
0.090000 0.000000 0.270000 0.640000 
0.090000 0.380000 0.430000 0.100000 

MOTIF model_8_filter_066 model_8_filter_066
letter-probability matrix: alength= 4 w= 13 nsites= 100
0.090000 0.250000 0.480000 0.180000 
0.110000 0.340000 0.210000 0.340000 
0.020000 0.680000 0.190000 0.110000 
0.000000 0.010000 0.000000 0.990000 
0.000000 0.000000 0.980000 0.020000 
0.000000 0.710000 0.260000 0.030000 
0.340000 0.290000 0.290000 0.080000 
0.060000 0.470000 0.130000 0.340000 
0.410000 0.000000 0.590000 0.000000 
0.570000 0.000000 0.430000 0.000000 
0.910000 0.060000 0.010000 0.020000 
0.030000 0.420000 0.480000 0.070000 
0.270000 0.100000 0.320000 0.310000 

MOTIF model_8_filter_067 model_8_filter_067
letter-probability matrix: alength= 4 w= 13 nsites= 100
0.260000 0.210000 0.180000 0.350000 
0.510000 0.070000 0.020000 0.400000 
0.240000 0.330000 0.330000 0.100000 
0.000000 0.700000 0.000000 0.300000 
0.680000 0.060000 0.260000 0.000000 
0.000000 0.000000 1.000000 0.000000 
1.000000 0.000000 0.000000 0.000000 
0.000000 0.750000 0.250000 0.000000 
0.740000 0.000000 0.120000 0.140000 
0.070000 0.010000 0.920000 0.000000 
0.010000 0.450000 0.510000 0.030000 
0.000000 0.020000 0.770000 0.210000 
0.070000 0.400000 0.260000 0.270000 

MOTIF model_8_filter_068 model_8_filter_068
letter-probability matrix: alength= 4 w= 13 nsites= 100
0.150000 0.090000 0.280000 0.480000 
0.240000 0.260000 0.200000 0.300000 
0.850000 0.020000 0.130000 0.000000 
0.960000 0.000000 0.040000 0.000000 
0.020000 0.050000 0.010000 0.920000 
