MEME version 4

ALPHABET= ACGU

strands: +

Background letter frequencies
A 0.25 C 0.25 G 0.25 U 0.25

MOTIF aug_cluster_1 aug_cluster_1
letter-probability matrix: alength= 4 w= 8 nsites= 16900
0.276449 0.355093 0.201041 0.167417 
0.598680 0.072486 0.270619 0.058215 
0.333018 0.206939 0.101962 0.358080 
0.238267 0.224790 0.408973 0.127970 
0.935453 0.022816 0.029613 0.012117 
0.010580 0.014304 0.016550 0.958565 
0.006857 0.009162 0.974997 0.008985 
0.206407 0.120641 0.434921 0.238031 

MOTIF aug_cluster_3 aug_cluster_3
letter-probability matrix: alength= 4 w= 8 nsites= 2300
0.348261 0.121304 0.158696 0.371739 
0.297391 0.026087 0.650000 0.026522 
0.335652 0.316957 0.164348 0.183043 
0.545217 0.263913 0.125217 0.065652 
0.958696 0.004348 0.023478 0.013478 
0.018696 0.022609 0.015652 0.943043 
0.004348 0.012609 0.970870 0.012174 
0.299565 0.159130 0.151304 0.390000 

MOTIF aug_cluster_2 aug_cluster_2
letter-probability matrix: alength= 4 w= 9 nsites= 2800
0.255000 0.289286 0.182500 0.273214 
0.786786 0.097857 0.076429 0.038929 
0.082500 0.026786 0.064643 0.826071 
0.031786 0.050714 0.868214 0.049286 
0.177500 0.254643 0.336429 0.231429 
0.866071 0.046071 0.076071 0.011786 
0.098214 0.028214 0.091429 0.782143 
0.099643 0.053929 0.761071 0.085357 
0.297500 0.180714 0.242857 0.278929 

MOTIF nonaug_cluster_007 nonaug_cluster_007
letter-probability matrix: alength= 4 w= 13 nsites= 2200
0.138538 0.246390 0.141697 0.473375 
0.117329 0.555957 0.160199 0.166516 
0.167419 0.188628 0.055054 0.588899 
0.062274 0.729242 0.094314 0.114170 
0.111913 0.069043 0.013087 0.805957 
0.064982 0.890794 0.013989 0.030235 
0.016245 0.169224 0.027978 0.786552 
0.045578 0.880866 0.042870 0.030686 
0.019856 0.093412 0.033845 0.852888 
0.027076 0.833032 0.039260 0.100632 
0.033394 0.320397 0.091155 0.555054 
0.095668 0.739170 0.090704 0.074458 
0.108153 0.411814 0.178037 0.301997 

MOTIF nonaug_cluster_011 nonaug_cluster_011
letter-probability matrix: alength= 4 w= 12 nsites= 2400
0.316675 0.177275 0.350868 0.155181 
0.114119 0.119534 0.640566 0.125781 
0.241983 0.140775 0.441483 0.175760 
0.153269 0.085798 0.665973 0.094960 
0.061641 0.075385 0.836318 0.026656 
0.579342 0.064140 0.203665 0.152853 
0.033736 0.051645 0.877551 0.037068 
0.110371 0.025823 0.833403 0.030404 
0.191587 0.040400 0.680133 0.087880 
0.154519 0.089963 0.642232 0.113286 
0.194919 0.052062 0.699708 0.053311 
0.262807 0.125364 0.458559 0.153269 

MOTIF nonaug_cluster_044 nonaug_cluster_044
letter-probability matrix: alength= 4 w= 13 nsites= 1900
0.191111 0.253889 0.182778 0.372222 
0.137368 0.172105 0.130526 0.560000 
0.073684 0.176316 0.084737 0.665263 
0.080000 0.162105 0.148947 0.608947 
0.084211 0.116316 0.047895 0.751579 
0.063684 0.032632 0.065789 0.837895 
0.013158 0.031053 0.015789 0.940000 
0.058421 0.008947 0.081579 0.851053 
0.062105 0.028421 0.024211 0.885263 
0.107895 0.079474 0.052105 0.760526 
0.094737 0.161579 0.030000 0.713684 
0.165789 0.142105 0.114737 0.577368 
0.171765 0.231176 0.094706 0.502353 

MOTIF nonaug_cluster_108 nonaug_cluster_108
letter-probability matrix: alength= 4 w= 14 nsites= 900
0.080000 0.225000 0.047500 0.647500 
0.106667 0.154444 0.231111 0.507778 
0.076667 0.152222 0.037778 0.733333 
0.430000 0.136667 0.057778 0.375556 
0.051111 0.013333 0.022222 0.913333 
0.114444 0.044444 0.122222 0.718889 
0.164444 0.004444 0.000000 0.831111 
0.808889 0.050000 0.072222 0.068889 
0.041111 0.050000 0.035556 0.873333 
0.101111 0.017778 0.018889 0.862222 
0.133333 0.067778 0.087778 0.711111 
0.326667 0.093333 0.067778 0.512222 
0.195556 0.105556 0.132222 0.566667 
0.188000 0.088000 0.246000 0.478000 

MOTIF nonaug_cluster_024 nonaug_cluster_024
letter-probability matrix: alength= 4 w= 11 nsites= 900
0.223333 0.338889 0.136667 0.301111 
0.078889 0.614444 0.036667 0.270000 
0.156667 0.588889 0.182222 0.072222 
0.025556 0.090000 0.060000 0.824444 
0.001111 0.881111 0.046667 0.071111 
0.030000 0.206667 0.043333 0.720000 
0.038889 0.850000 0.066667 0.044444 
0.072222 0.462222 0.151111 0.314444 
0.060000 0.784444 0.084444 0.071111 
0.041111 0.772222 0.075556 0.111111 
0.105556 0.433333 0.177778 0.283333 

MOTIF nonaug_cluster_012 nonaug_cluster_012
letter-probability matrix: alength= 4 w= 10 nsites= 500
0.156000 0.396000 0.142000 0.306000 
0.112000 0.014000 0.212000 0.662000 
0.076000 0.508000 0.078000 0.338000 
0.014000 0.854000 0.032000 0.100000 
0.752000 0.128000 0.020000 0.100000 
0.046000 0.180000 0.066000 0.708000 
0.000000 0.998000 0.000000 0.002000 
0.100000 0.358000 0.008000 0.534000 
0.312000 0.270000 0.016000 0.402000 
0.396000 0.256000 0.184000 0.164000 

MOTIF nonaug_cluster_018 nonaug_cluster_018
letter-probability matrix: alength= 4 w= 11 nsites= 500
0.261477 0.489022 0.129741 0.119760 
0.840319 0.015968 0.019960 0.123752 
0.031936 0.806387 0.047904 0.113772 
0.972056 0.009980 0.007984 0.009980 
0.027944 0.742515 0.129741 0.099800 
0.748503 0.021956 0.043912 0.185629 
0.001996 0.794411 0.000000 0.203593 
0.734531 0.035928 0.009980 0.219561 
0.011976 0.900200 0.021956 0.065868 
0.824351 0.065868 0.025948 0.083832 
0.089820 0.435130 0.317365 0.157685 

MOTIF nonaug_cluster_026 nonaug_cluster_026
letter-probability matrix: alength= 4 w= 8 nsites= 600
0.376667 0.285000 0.236667 0.101667 
0.061667 0.041667 0.791667 0.105000 
0.026667 0.020000 0.948333 0.005000 
0.273333 0.055000 0.586667 0.085000 
0.093333 0.066667 0.716667 0.123333 
0.140000 0.003333 0.498333 0.358333 
0.006667 0.001667 0.933333 0.058333 
0.270000 0.115000 0.503333 0.111667 

MOTIF nonaug_cluster_040 nonaug_cluster_040
letter-probability matrix: alength= 4 w= 9 nsites= 600
0.146667 0.265000 0.125000 0.463333 
0.826667 0.078333 0.060000 0.035000 
0.095000 0.215000 0.070000 0.620000 
0.005000 0.023333 0.000000 0.971667 
0.980000 0.000000 0.001667 0.018333 
0.056667 0.108333 0.570000 0.265000 
0.045000 0.038333 0.101667 0.815000 
0.140000 0.066667 0.143333 0.650000 
0.118333 0.116667 0.275000 0.490000 

MOTIF nonaug_cluster_069 nonaug_cluster_069
letter-probability matrix: alength= 4 w= 11 nsites= 600
0.105000 0.165000 0.560000 0.170000 
0.510000 0.140000 0.225000 0.125000 
0.050000 0.026667 0.900000 0.023333 
0.598333 0.148333 0.116667 0.136667 
0.050000 0.005000 0.923333 0.021667 
0.805000 0.043333 0.120000 0.031667 
0.096667 0.061667 0.838333 0.003333 
0.978333 0.003333 0.010000 0.008333 
0.606667 0.178333 0.151667 0.063333 
0.765000 0.078333 0.046667 0.110000 
0.113333 0.285000 0.361667 0.240000 

