MEME version 4

ALPHABET= ACGU

strands: +

Background letter frequencies
A 0.25 C 0.25 G 0.25 U 0.25

MOTIF model_2_filter_000 model_2_filter_000
letter-probability matrix: alength= 4 w= 13 nsites= 100
0.060000 0.240000 0.150000 0.550000 
0.500000 0.210000 0.100000 0.190000 
0.030000 0.000000 0.970000 0.000000 
0.000000 0.600000 0.400000 0.000000 
0.290000 0.000000 0.710000 0.000000 
1.000000 0.000000 0.000000 0.000000 
0.000000 0.160000 0.000000 0.840000 
0.030000 0.850000 0.000000 0.120000 
0.310000 0.530000 0.160000 0.000000 
0.470000 0.210000 0.200000 0.120000 
0.040000 0.660000 0.300000 0.000000 
0.060000 0.280000 0.180000 0.480000 
0.340000 0.120000 0.200000 0.340000 

MOTIF model_2_filter_001 model_2_filter_001
letter-probability matrix: alength= 4 w= 13 nsites= 100
0.130000 0.580000 0.220000 0.070000 
0.640000 0.140000 0.190000 0.030000 
0.500000 0.170000 0.030000 0.300000 
0.150000 0.000000 0.740000 0.110000 
0.970000 0.000000 0.030000 0.000000 
0.000000 0.000000 0.050000 0.950000 
0.000000 0.000000 1.000000 0.000000 
0.000000 0.180000 0.020000 0.800000 
0.010000 0.880000 0.110000 0.000000 
0.370000 0.190000 0.190000 0.250000 
0.070000 0.300000 0.440000 0.190000 
0.040000 0.440000 0.450000 0.070000 
0.300000 0.300000 0.140000 0.260000 

MOTIF model_2_filter_002 model_2_filter_002
letter-probability matrix: alength= 4 w= 13 nsites= 100
0.300000 0.080000 0.040000 0.580000 
0.210000 0.220000 0.510000 0.060000 
0.390000 0.270000 0.230000 0.110000 
0.920000 0.010000 0.000000 0.070000 
0.000000 0.000000 0.990000 0.010000 
0.000000 0.130000 0.000000 0.870000 
0.000000 0.000000 1.000000 0.000000 
0.000000 0.010000 0.000000 0.990000 
0.030000 0.000000 0.050000 0.920000 
0.000000 0.260000 0.700000 0.040000 
0.650000 0.000000 0.000000 0.350000 
0.040000 0.010000 0.620000 0.330000 
0.210000 0.450000 0.010000 0.330000 

MOTIF model_2_filter_003 model_2_filter_003
letter-probability matrix: alength= 4 w= 13 nsites= 101
0.237624 0.445545 0.217822 0.099010 
0.356436 0.227723 0.168317 0.247525 
0.623762 0.000000 0.257426 0.118812 
0.000000 0.000000 0.900990 0.099010 
0.118812 0.000000 0.881188 0.000000 
0.000000 0.000000 1.000000 0.000000 
0.000000 0.603960 0.188119 0.207921 
0.000000 0.118812 0.366337 0.514851 
0.118812 0.039604 0.841584 0.000000 
0.000000 0.000000 0.000000 1.000000 
0.000000 0.000000 0.980198 0.019802 
0.366337 0.128713 0.277228 0.227723 
0.356436 0.069307 0.326733 0.247525 

MOTIF model_2_filter_004 model_2_filter_004
letter-probability matrix: alength= 4 w= 13 nsites= 100
0.150000 0.450000 0.270000 0.130000 
0.120000 0.000000 0.020000 0.860000 
0.070000 0.890000 0.040000 0.000000 
0.000000 0.270000 0.650000 0.080000 
0.000000 0.760000 0.010000 0.230000 
0.000000 0.300000 0.000000 0.700000 
0.000000 0.000000 0.340000 0.660000 
0.020000 0.510000 0.020000 0.450000 
0.070000 0.440000 0.430000 0.060000 
0.010000 0.940000 0.050000 0.000000 
0.130000 0.130000 0.000000 0.740000 
0.090000 0.550000 0.160000 0.200000 
0.070000 0.240000 0.020000 0.670000 

MOTIF model_2_filter_005 model_2_filter_005
letter-probability matrix: alength= 4 w= 13 nsites= 100
0.600000 0.150000 0.000000 0.250000 
0.610000 0.070000 0.070000 0.250000 
0.430000 0.220000 0.020000 0.330000 
0.340000 0.210000 0.010000 0.440000 
0.010000 0.040000 0.000000 0.950000 
0.000000 0.090000 0.000000 0.910000 
0.000000 1.000000 0.000000 0.000000 
0.570000 0.000000 0.220000 0.210000 
0.020000 0.370000 0.000000 0.610000 
0.020000 0.000000 0.000000 0.980000 
0.210000 0.270000 0.010000 0.510000 
0.000000 0.680000 0.050000 0.270000 
0.550000 0.360000 0.010000 0.080000 

MOTIF model_2_filter_006 model_2_filter_006
letter-probability matrix: alength= 4 w= 13 nsites= 100
0.090000 0.510000 0.100000 0.300000 
0.920000 0.020000 0.040000 0.020000 
0.480000 0.240000 0.140000 0.140000 
0.550000 0.120000 0.290000 0.040000 
1.000000 0.000000 0.000000 0.000000 
0.000000 0.000000 0.000000 1.000000 
0.000000 0.000000 1.000000 0.000000 
0.480000 0.050000 0.180000 0.290000 
0.980000 0.000000 0.020000 0.000000 
0.150000 0.010000 0.000000 0.840000 
0.040000 0.390000 0.330000 0.240000 
0.520000 0.120000 0.210000 0.150000 
0.260000 0.180000 0.300000 0.260000 

MOTIF model_2_filter_007 model_2_filter_007
letter-probability matrix: alength= 4 w= 13 nsites= 101
0.059406 0.425743 0.108911 0.405941 
0.099010 0.297030 0.168317 0.435644 
0.009901 0.168317 0.752475 0.069307 
0.069307 0.158416 0.089109 0.683168 
0.207921 0.366337 0.316832 0.108911 
1.000000 0.000000 0.000000 0.000000 
0.000000 0.000000 0.000000 1.000000 
0.000000 0.000000 1.000000 0.000000 
0.693069 0.000000 0.168317 0.138614 
0.247525 0.752475 0.000000 0.000000 
0.168317 0.029703 0.000000 0.801980 
0.059406 0.633663 0.178218 0.128713 
0.158416 0.287129 0.079208 0.475248 

MOTIF model_2_filter_008 model_2_filter_008
letter-probability matrix: alength= 4 w= 13 nsites= 101
0.039604 0.386139 0.148515 0.425743 
0.485149 0.000000 0.039604 0.475248 
0.287129 0.217822 0.316832 0.178218 
0.000000 0.069307 0.000000 0.930693 
1.000000 0.000000 0.000000 0.000000 
0.277228 0.000000 0.564356 0.158416 
0.000000 0.128713 0.000000 0.871287 
0.396040 0.000000 0.603960 0.000000 
0.990099 0.000000 0.009901 0.000000 
0.000000 0.554455 0.009901 0.435644 
0.009901 0.059406 0.316832 0.613861 
0.554455 0.336634 0.019802 0.089109 
0.118812 0.148515 0.217822 0.514851 

MOTIF model_2_filter_009 model_2_filter_009
letter-probability matrix: alength= 4 w= 13 nsites= 100
0.230000 0.180000 0.290000 0.300000 
0.280000 0.250000 0.290000 0.180000 
0.750000 0.120000 0.130000 0.000000 
0.700000 0.090000 0.090000 0.120000 
0.130000 0.150000 0.000000 0.720000 
1.000000 0.000000 0.000000 0.000000 
0.000000 0.000000 0.000000 1.000000 
0.000000 0.000000 1.000000 0.000000 
0.000000 0.000000 0.120000 0.880000 
0.260000 0.020000 0.130000 0.590000 
0.160000 0.000000 0.030000 0.810000 
0.120000 0.000000 0.810000 0.070000 
0.190000 0.140000 0.200000 0.470000 

MOTIF model_2_filter_010 model_2_filter_010
letter-probability matrix: alength= 4 w= 13 nsites= 100
0.180000 0.400000 0.150000 0.270000 
0.100000 0.370000 0.020000 0.510000 
0.020000 0.000000 0.980000 0.000000 
0.400000 0.030000 0.510000 0.060000 
0.290000 0.100000 0.220000 0.390000 
1.000000 0.000000 0.000000 0.000000 
0.000000 0.010000 0.000000 0.990000 
0.850000 0.000000 0.000000 0.150000 
0.100000 0.130000 0.080000 0.690000 
0.840000 0.000000 0.040000 0.120000 
0.220000 0.000000 0.720000 0.060000 
0.370000 0.300000 0.170000 0.160000 
0.130000 0.260000 0.350000 0.260000 

MOTIF model_2_filter_011 model_2_filter_011
letter-probability matrix: alength= 4 w= 13 nsites= 100
0.120000 0.200000 0.110000 0.570000 
0.030000 0.000000 0.280000 0.690000 
0.340000 0.050000 0.030000 0.580000 
0.000000 0.140000 0.170000 0.690000 
0.650000 0.340000 0.010000 0.000000 
0.710000 0.010000 0.280000 0.000000 
0.020000 0.160000 0.780000 0.040000 
0.540000 0.430000 0.010000 0.020000 
0.000000 1.000000 0.000000 0.000000 
0.500000 0.000000 0.500000 0.000000 
0.010000 0.750000 0.220000 0.020000 
0.180000 0.060000 0.500000 0.260000 
0.110000 0.100000 0.190000 0.600000 

MOTIF model_2_filter_012 model_2_filter_012
letter-probability matrix: alength= 4 w= 13 nsites= 100
0.280000 0.030000 0.000000 0.690000 
0.470000 0.060000 0.300000 0.170000 
0.000000 0.050000 0.000000 0.950000 
0.960000 0.000000 0.000000 0.040000 
0.000000 0.560000 0.080000 0.360000 
0.120000 0.000000 0.000000 0.880000 
0.000000 0.590000 0.070000 0.340000 
0.000000 0.000000 0.190000 0.810000 
0.310000 0.010000 0.170000 0.510000 
0.290000 0.070000 0.160000 0.480000 
0.660000 0.010000 0.010000 0.320000 
0.020000 0.060000 0.850000 0.070000 
0.100000 0.340000 0.110000 0.450000 

MOTIF model_2_filter_013 model_2_filter_013
letter-probability matrix: alength= 4 w= 13 nsites= 100
0.110000 0.280000 0.260000 0.350000 
0.540000 0.110000 0.070000 0.280000 
0.060000 0.100000 0.370000 0.470000 
0.000000 1.000000 0.000000 0.000000 
0.650000 0.010000 0.070000 0.270000 
0.000000 0.680000 0.270000 0.050000 
0.000000 1.000000 0.000000 0.000000 
0.000000 0.000000 0.020000 0.980000 
0.000000 0.000000 1.000000 0.000000 
0.260000 0.660000 0.000000 0.080000 
0.110000 0.000000 0.890000 0.000000 
0.040000 0.840000 0.000000 0.120000 
0.110000 0.190000 0.210000 0.490000 

MOTIF model_2_filter_014 model_2_filter_014
letter-probability matrix: alength= 4 w= 13 nsites= 100
0.320000 0.190000 0.410000 0.080000 
0.060000 0.280000 0.580000 0.080000 
0.210000 0.000000 0.340000 0.450000 
0.000000 0.000000 1.000000 0.000000 
0.000000 1.000000 0.000000 0.000000 
0.060000 0.010000 0.900000 0.030000 
0.000000 0.480000 0.520000 0.000000 
0.680000 0.320000 0.000000 0.000000 
0.610000 0.060000 0.000000 0.330000 
0.090000 0.000000 0.640000 0.270000 
0.820000 0.000000 0.080000 0.100000 
0.030000 0.020000 0.620000 0.330000 
0.250000 0.290000 0.280000 0.180000 

MOTIF model_2_filter_015 model_2_filter_015
letter-probability matrix: alength= 4 w= 13 nsites= 100
0.510000 0.170000 0.090000 0.230000 
0.360000 0.120000 0.380000 0.140000 
0.100000 0.390000 0.450000 0.060000 
0.470000 0.430000 0.030000 0.070000 
0.970000 0.000000 0.030000 0.000000 
0.890000 0.060000 0.050000 0.000000 
0.610000 0.300000 0.080000 0.010000 
1.000000 0.000000 0.000000 0.000000 
0.000000 0.000000 0.000000 1.000000 
0.000000 0.000000 1.000000 0.000000 
0.000000 0.040000 0.960000 0.000000 
0.370000 0.620000 0.010000 0.000000 
0.300000 0.000000 0.590000 0.110000 

MOTIF model_2_filter_016 model_2_filter_016
letter-probability matrix: alength= 4 w= 13 nsites= 100
0.190000 0.430000 0.270000 0.110000 
0.510000 0.120000 0.150000 0.220000 
0.140000 0.190000 0.480000 0.190000 
0.000000 0.720000 0.230000 0.050000 
0.440000 0.000000 0.560000 0.000000 
0.900000 0.000000 0.100000 0.000000 
0.000000 0.000000 0.910000 0.090000 
0.000000 0.000000 1.000000 0.000000 
0.000000 0.010000 0.960000 0.030000 
0.950000 0.020000 0.010000 0.020000 
0.460000 0.000000 0.540000 0.000000 
0.600000 0.160000 0.180000 0.060000 
0.900000 0.000000 0.070000 0.030000 

MOTIF model_2_filter_017 model_2_filter_017
letter-probability matrix: alength= 4 w= 13 nsites= 100
0.170000 0.420000 0.090000 0.320000 
0.660000 0.040000 0.170000 0.130000 
0.010000 0.810000 0.090000 0.090000 
0.740000 0.220000 0.020000 0.020000 
0.270000 0.370000 0.340000 0.020000 
1.000000 0.000000 0.000000 0.000000 
0.000000 0.810000 0.000000 0.190000 
0.010000 0.600000 0.000000 0.390000 
1.000000 0.000000 0.000000 0.000000 
0.940000 0.040000 0.020000 0.000000 
0.180000 0.050000 0.650000 0.120000 
0.400000 0.070000 0.330000 0.200000 
0.240000 0.550000 0.190000 0.020000 

MOTIF model_2_filter_018 model_2_filter_018
letter-probability matrix: alength= 4 w= 13 nsites= 100
0.240000 0.040000 0.460000 0.260000 
0.130000 0.110000 0.640000 0.120000 
0.900000 0.020000 0.050000 0.030000 
0.000000 0.000000 0.420000 0.580000 
0.000000 0.000000 0.930000 0.070000 
0.160000 0.490000 0.350000 0.000000 
0.460000 0.040000 0.500000 0.000000 
0.230000 0.380000 0.000000 0.390000 
0.000000 0.000000 0.160000 0.840000 
0.020000 0.000000 0.870000 0.110000 
0.360000 0.000000 0.050000 0.590000 
0.000000 0.240000 0.190000 0.570000 
0.240000 0.030000 0.040000 0.690000 

MOTIF model_2_filter_019 model_2_filter_019
letter-probability matrix: alength= 4 w= 13 nsites= 100
0.330000 0.250000 0.220000 0.200000 
0.210000 0.040000 0.120000 0.630000 
1.000000 0.000000 0.000000 0.000000 
0.200000 0.070000 0.040000 0.690000 
0.000000 0.020000 0.220000 0.760000 
0.000000 0.000000 0.090000 0.910000 
0.530000 0.010000 0.110000 0.350000 
0.170000 0.000000 0.000000 0.830000 
0.000000 0.000000 0.000000 1.000000 
0.110000 0.000000 0.020000 0.870000 
0.010000 0.000000 0.000000 0.990000 
0.010000 0.000000 0.000000 0.990000 
0.000000 0.040000 0.060000 0.900000 

MOTIF model_2_filter_020 model_2_filter_020
letter-probability matrix: alength= 4 w= 13 nsites= 101
0.188119 0.039604 0.128713 0.643564 
0.148515 0.148515 0.574257 0.128713 
0.019802 0.039604 0.306931 0.633663 
0.000000 0.009901 0.009901 0.980198 
0.000000 0.079208 0.920792 0.000000 
0.000000 0.000000 0.000000 1.000000 
0.000000 0.099010 0.188119 0.712871 
0.000000 0.029703 0.000000 0.970297 
0.009901 0.000000 0.990099 0.000000 
0.019802 0.158416 0.821782 0.000000 
0.148515 0.000000 0.425743 0.425743 
0.079208 0.099010 0.554455 0.267327 
0.138614 0.069307 0.297030 0.495050 

MOTIF model_2_filter_021 model_2_filter_021
letter-probability matrix: alength= 4 w= 13 nsites= 100
0.270000 0.300000 0.290000 0.140000 
0.850000 0.040000 0.000000 0.110000 
0.290000 0.110000 0.550000 0.050000 
0.020000 0.210000 0.760000 0.010000 
0.800000 0.030000 0.160000 0.010000 
0.000000 0.000000 1.000000 0.000000 
0.010000 0.990000 0.000000 0.000000 
0.000000 0.000000 1.000000 0.000000 
0.360000 0.160000 0.180000 0.300000 
0.000000 0.200000 0.190000 0.610000 
0.140000 0.000000 0.000000 0.860000 
0.000000 0.140000 0.370000 0.490000 
0.320000 0.490000 0.010000 0.180000 

MOTIF model_2_filter_022 model_2_filter_022
letter-probability matrix: alength= 4 w= 13 nsites= 100
0.130000 0.330000 0.120000 0.420000 
0.200000 0.120000 0.040000 0.640000 
0.230000 0.630000 0.050000 0.090000 
0.310000 0.350000 0.000000 0.340000 
0.010000 0.830000 0.050000 0.110000 
0.150000 0.840000 0.000000 0.010000 
0.000000 0.240000 0.000000 0.760000 
0.990000 0.000000 0.000000 0.010000 
0.820000 0.000000 0.180000 0.000000 
0.160000 0.070000 0.150000 0.620000 
0.860000 0.000000 0.110000 0.030000 
0.290000 0.180000 0.430000 0.100000 
0.750000 0.190000 0.010000 0.050000 

MOTIF model_2_filter_023 model_2_filter_023
letter-probability matrix: alength= 4 w= 13 nsites= 100
0.330000 0.370000 0.130000 0.170000 
0.430000 0.320000 0.030000 0.220000 
0.000000 0.470000 0.020000 0.510000 
0.000000 0.760000 0.050000 0.190000 
0.000000 0.050000 0.000000 0.950000 
0.000000 0.020000 0.110000 0.870000 
0.020000 0.930000 0.020000 0.030000 
0.540000 0.290000 0.170000 0.000000 
0.020000 0.980000 0.000000 0.000000 
0.010000 0.000000 0.020000 0.970000 
0.020000 0.830000 0.030000 0.120000 
0.000000 0.000000 0.180000 0.820000 
0.020000 0.490000 0.280000 0.210000 

MOTIF model_2_filter_024 model_2_filter_024
letter-probability matrix: alength= 4 w= 13 nsites= 100
0.240000 0.130000 0.020000 0.610000 
0.190000 0.540000 0.040000 0.230000 
0.060000 0.160000 0.180000 0.600000 
0.570000 0.220000 0.000000 0.210000 
0.290000 0.020000 0.500000 0.190000 
0.050000 0.060000 0.620000 0.270000 
0.970000 0.030000 0.000000 0.000000 
0.000000 0.000000 0.030000 0.970000 
0.630000 0.000000 0.000000 0.370000 
0.000000 0.990000 0.000000 0.010000 
0.130000 0.090000 0.000000 0.780000 
0.000000 0.870000 0.040000 0.090000 
0.440000 0.160000 0.240000 0.160000 

MOTIF model_2_filter_025 model_2_filter_025
letter-probability matrix: alength= 4 w= 13 nsites= 100
0.480000 0.100000 0.330000 0.090000 
0.120000 0.770000 0.030000 0.080000 
0.250000 0.620000 0.100000 0.030000 
1.000000 0.000000 0.000000 0.000000 
0.320000 0.030000 0.000000 0.650000 
0.050000 0.270000 0.670000 0.010000 
1.000000 0.000000 0.000000 0.000000 
0.000000 0.000000 0.000000 1.000000 
0.000000 0.020000 0.980000 0.000000 
0.030000 0.020000 0.760000 0.190000 
0.200000 0.690000 0.000000 0.110000 
0.210000 0.040000 0.540000 0.210000 
0.380000 0.180000 0.310000 0.130000 

MOTIF model_2_filter_026 model_2_filter_026
letter-probability matrix: alength= 4 w= 13 nsites= 100
0.520000 0.040000 0.410000 0.030000 
0.760000 0.030000 0.200000 0.010000 
0.010000 0.170000 0.610000 0.210000 
0.440000 0.050000 0.510000 0.000000 
0.910000 0.000000 0.090000 0.000000 
0.000000 0.000000 0.780000 0.220000 
0.640000 0.000000 0.360000 0.000000 
0.860000 0.010000 0.100000 0.030000 
0.000000 0.050000 0.800000 0.150000 
0.000000 0.080000 0.870000 0.050000 
0.790000 0.030000 0.020000 0.160000 
0.000000 0.000000 0.770000 0.230000 
0.210000 0.080000 0.320000 0.390000 

MOTIF model_2_filter_027 model_2_filter_027
letter-probability matrix: alength= 4 w= 13 nsites= 100
0.220000 0.030000 0.730000 0.020000 
0.890000 0.020000 0.080000 0.010000 
0.990000 0.000000 0.010000 0.000000 
0.420000 0.000000 0.570000 0.010000 
0.550000 0.000000 0.450000 0.000000 
0.210000 0.000000 0.770000 0.020000 
0.000000 0.060000 0.920000 0.020000 
0.530000 0.000000 0.470000 0.000000 
0.350000 0.000000 0.620000 0.030000 
0.180000 0.000000 0.680000 0.140000 
0.000000 0.000000 0.960000 0.040000 
0.720000 0.070000 0.180000 0.030000 
0.280000 0.250000 0.210000 0.260000 

MOTIF model_2_filter_028 model_2_filter_028
letter-probability matrix: alength= 4 w= 13 nsites= 100
0.350000 0.150000 0.070000 0.430000 
0.810000 0.110000 0.070000 0.010000 
0.950000 0.030000 0.010000 0.010000 
0.310000 0.680000 0.010000 0.000000 
0.020000 0.590000 0.150000 0.240000 
0.510000 0.000000 0.480000 0.010000 
0.160000 0.410000 0.000000 0.430000 
0.960000 0.000000 0.000000 0.040000 
0.930000 0.000000 0.070000 0.000000 
1.000000 0.000000 0.000000 0.000000 
0.270000 0.180000 0.400000 0.150000 
0.030000 0.260000 0.000000 0.710000 
0.220000 0.680000 0.090000 0.010000 

MOTIF model_2_filter_029 model_2_filter_029
letter-probability matrix: alength= 4 w= 13 nsites= 109
0.100917 0.100917 0.045872 0.752294 
0.018349 0.825688 0.045872 0.110092 
0.000000 0.000000 0.000000 1.000000 
0.000000 0.954128 0.045872 0.000000 
0.000000 0.036697 0.000000 0.963303 
0.000000 1.000000 0.000000 0.000000 
0.000000 0.027523 0.000000 0.972477 
0.000000 1.000000 0.000000 0.000000 
0.000000 0.000000 0.000000 1.000000 
0.000000 1.000000 0.000000 0.000000 
0.000000 0.220183 0.000000 0.779817 
0.018349 0.981651 0.000000 0.000000 
0.082569 0.366972 0.091743 0.458716 

MOTIF model_2_filter_030 model_2_filter_030
letter-probability matrix: alength= 4 w= 13 nsites= 100
0.230000 0.180000 0.240000 0.350000 
0.350000 0.270000 0.340000 0.040000 
0.140000 0.110000 0.730000 0.020000 
0.240000 0.340000 0.390000 0.030000 
0.930000 0.070000 0.000000 0.000000 
0.000000 0.000000 0.000000 1.000000 
0.000000 0.000000 0.000000 1.000000 
1.000000 0.000000 0.000000 0.000000 
0.240000 0.610000 0.000000 0.150000 
0.000000 0.010000 0.000000 0.990000 
0.030000 0.130000 0.010000 0.830000 
0.100000 0.180000 0.310000 0.410000 
0.330000 0.170000 0.250000 0.250000 

MOTIF model_2_filter_031 model_2_filter_031
letter-probability matrix: alength= 4 w= 13 nsites= 100
0.160000 0.150000 0.430000 0.260000 
0.470000 0.130000 0.020000 0.380000 
0.020000 0.830000 0.000000 0.150000 
1.000000 0.000000 0.000000 0.000000 
0.000000 0.000000 0.000000 1.000000 
0.000000 0.000000 1.000000 0.000000 
0.000000 0.210000 0.000000 0.790000 
0.230000 0.750000 0.000000 0.020000 
0.000000 0.000000 0.080000 0.920000 
0.190000 0.420000 0.010000 0.380000 
0.010000 0.280000 0.030000 0.680000 
0.190000 0.210000 0.090000 0.510000 
0.270000 0.130000 0.280000 0.320000 

MOTIF model_2_filter_032 model_2_filter_032
letter-probability matrix: alength= 4 w= 13 nsites= 100
0.470000 0.170000 0.240000 0.120000 
0.060000 0.750000 0.100000 0.090000 
0.020000 0.010000 0.720000 0.250000 
0.290000 0.120000 0.240000 0.350000 
0.810000 0.140000 0.010000 0.040000 
0.000000 0.090000 0.000000 0.910000 
0.040000 0.020000 0.000000 0.940000 
0.110000 0.060000 0.150000 0.680000 
0.820000 0.180000 0.000000 0.000000 
0.000000 0.000000 0.990000 0.010000 
0.630000 0.310000 0.000000 0.060000 
0.200000 0.480000 0.170000 0.150000 
0.240000 0.230000 0.350000 0.180000 

MOTIF model_2_filter_033 model_2_filter_033
letter-probability matrix: alength= 4 w= 13 nsites= 100
0.110000 0.120000 0.500000 0.270000 
0.440000 0.400000 0.060000 0.100000 
0.130000 0.370000 0.140000 0.360000 
0.000000 0.030000 0.970000 0.000000 
0.000000 0.000000 0.950000 0.050000 
0.000000 0.000000 1.000000 0.000000 
0.000000 0.000000 1.000000 0.000000 
0.590000 0.290000 0.060000 0.060000 
0.000000 0.020000 0.340000 0.640000 
0.000000 0.000000 1.000000 0.000000 
0.170000 0.070000 0.640000 0.120000 
0.220000 0.290000 0.260000 0.230000 
0.190000 0.230000 0.340000 0.240000 

MOTIF model_2_filter_034 model_2_filter_034
letter-probability matrix: alength= 4 w= 13 nsites= 101
0.247525 0.059406 0.653465 0.039604 
0.702970 0.009901 0.198020 0.089109 
0.297030 0.049505 0.009901 0.643564 
0.217822 0.227723 0.544554 0.009901 
1.000000 0.000000 0.000000 0.000000 
0.000000 0.000000 0.000000 1.000000 
0.000000 0.000000 1.000000 0.000000 
1.000000 0.000000 0.000000 0.000000 
0.000000 0.000000 0.000000 1.000000 
0.000000 0.000000 1.000000 0.000000 
0.653465 0.089109 0.000000 0.257426 
0.000000 0.574257 0.257426 0.168317 
0.198020 0.069307 0.504950 0.227723 

MOTIF model_2_filter_035 model_2_filter_035
letter-probability matrix: alength= 4 w= 13 nsites= 100
0.020000 0.680000 0.040000 0.260000 
0.010000 0.050000 0.940000 0.000000 
0.110000 0.770000 0.090000 0.030000 
0.020000 0.330000 0.650000 0.000000 
0.180000 0.210000 0.470000 0.140000 
0.000000 0.300000 0.000000 0.700000 
0.000000 0.170000 0.830000 0.000000 
0.000000 0.410000 0.580000 0.010000 
0.000000 0.100000 0.210000 0.690000 
0.000000 0.270000 0.520000 0.210000 
0.010000 0.410000 0.000000 0.580000 
0.000000 0.090000 0.480000 0.430000 
0.240000 0.380000 0.010000 0.370000 

MOTIF model_2_filter_036 model_2_filter_036
letter-probability matrix: alength= 4 w= 13 nsites= 100
0.430000 0.170000 0.050000 0.350000 
0.120000 0.610000 0.020000 0.250000 
0.130000 0.820000 0.010000 0.040000 
0.120000 0.640000 0.000000 0.240000 
0.000000 0.890000 0.000000 0.110000 
0.980000 0.010000 0.010000 0.000000 
0.000000 0.640000 0.300000 0.060000 
0.000000 1.000000 0.000000 0.000000 
0.350000 0.020000 0.410000 0.220000 
0.000000 1.000000 0.000000 0.000000 
0.370000 0.350000 0.260000 0.020000 
0.420000 0.250000 0.320000 0.010000 
0.610000 0.270000 0.050000 0.070000 

MOTIF model_2_filter_037 model_2_filter_037
letter-probability matrix: alength= 4 w= 13 nsites= 100
0.180000 0.490000 0.200000 0.130000 
0.520000 0.030000 0.330000 0.120000 
0.140000 0.350000 0.060000 0.450000 
0.990000 0.000000 0.010000 0.000000 
0.060000 0.340000 0.000000 0.600000 
0.690000 0.000000 0.010000 0.300000 
0.990000 0.000000 0.010000 0.000000 
0.000000 0.180000 0.000000 0.820000 
0.920000 0.080000 0.000000 0.000000 
0.440000 0.150000 0.400000 0.010000 
0.980000 0.010000 0.010000 0.000000 
0.060000 0.610000 0.330000 0.000000 
0.520000 0.230000 0.090000 0.160000 

MOTIF model_2_filter_038 model_2_filter_038
letter-probability matrix: alength= 4 w= 13 nsites= 100
0.250000 0.200000 0.420000 0.130000 
0.760000 0.080000 0.100000 0.060000 
0.130000 0.480000 0.030000 0.360000 
0.030000 0.460000 0.330000 0.180000 
1.000000 0.000000 0.000000 0.000000 
0.100000 0.000000 0.040000 0.860000 
0.000000 0.000000 1.000000 0.000000 
0.900000 0.000000 0.100000 0.000000 
0.000000 0.000000 0.000000 1.000000 
0.000000 0.000000 1.000000 0.000000 
0.770000 0.040000 0.130000 0.060000 
0.200000 0.640000 0.100000 0.060000 
0.160000 0.140000 0.540000 0.160000 

MOTIF model_2_filter_039 model_2_filter_039
letter-probability matrix: alength= 4 w= 13 nsites= 100
0.130000 0.360000 0.390000 0.120000 
0.510000 0.340000 0.060000 0.090000 
0.210000 0.390000 0.370000 0.030000 
0.060000 0.240000 0.590000 0.110000 
0.160000 0.020000 0.000000 0.820000 
0.690000 0.150000 0.070000 0.090000 
0.000000 0.000000 0.000000 1.000000 
0.590000 0.000000 0.000000 0.410000 
0.000000 0.000000 1.000000 0.000000 
0.930000 0.000000 0.050000 0.020000 
0.030000 0.540000 0.160000 0.270000 
0.480000 0.000000 0.000000 0.520000 
0.220000 0.100000 0.090000 0.590000 

MOTIF model_2_filter_040 model_2_filter_040
letter-probability matrix: alength= 4 w= 13 nsites= 100
0.530000 0.250000 0.080000 0.140000 
0.500000 0.000000 0.140000 0.360000 
0.000000 0.000000 0.040000 0.960000 
0.440000 0.230000 0.330000 0.000000 
0.000000 0.000000 0.000000 1.000000 
0.000000 0.010000 0.980000 0.010000 
0.340000 0.030000 0.410000 0.220000 
0.000000 0.530000 0.280000 0.190000 
0.020000 0.080000 0.740000 0.160000 
0.020000 0.060000 0.610000 0.310000 
0.110000 0.010000 0.360000 0.520000 
0.110000 0.120000 0.350000 0.420000 
0.270000 0.140000 0.140000 0.450000 

MOTIF model_2_filter_041 model_2_filter_041
letter-probability matrix: alength= 4 w= 13 nsites= 102
0.049020 0.578431 0.137255 0.235294 
0.774510 0.127451 0.000000 0.098039 
0.549020 0.450980 0.000000 0.000000 
0.009804 0.107843 0.656863 0.225490 
0.735294 0.000000 0.000000 0.264706 
0.000000 0.225490 0.000000 0.774510 
0.245098 0.000000 0.735294 0.019608 
0.000000 0.696078 0.303922 0.000000 
0.686275 0.000000 0.264706 0.049020 
0.382353 0.049020 0.450980 0.117647 
0.107843 0.088235 0.803922 0.000000 
0.558824 0.264706 0.049020 0.127451 
0.509804 0.078431 0.303922 0.107843 

MOTIF model_2_filter_042 model_2_filter_042
letter-probability matrix: alength= 4 w= 13 nsites= 100
0.740000 0.090000 0.160000 0.010000 
0.000000 0.000000 0.900000 0.100000 
0.390000 0.250000 0.330000 0.030000 
0.210000 0.100000 0.680000 0.010000 
1.000000 0.000000 0.000000 0.000000 
0.000000 0.000000 0.000000 1.000000 
0.000000 0.000000 1.000000 0.000000 
0.020000 0.040000 0.130000 0.810000 
0.400000 0.230000 0.310000 0.060000 
0.000000 0.470000 0.050000 0.480000 
0.220000 0.030000 0.230000 0.520000 
0.310000 0.000000 0.110000 0.580000 
0.210000 0.120000 0.290000 0.380000 

MOTIF model_2_filter_043 model_2_filter_043
letter-probability matrix: alength= 4 w= 13 nsites= 100
0.140000 0.400000 0.210000 0.250000 
0.050000 0.000000 0.520000 0.430000 
0.320000 0.210000 0.440000 0.030000 
0.020000 0.000000 0.000000 0.980000 
0.060000 0.000000 0.010000 0.930000 
0.000000 0.000000 0.070000 0.930000 
1.000000 0.000000 0.000000 0.000000 
0.300000 0.540000 0.160000 0.000000 
0.190000 0.680000 0.000000 0.130000 
0.500000 0.360000 0.140000 0.000000 
0.080000 0.080000 0.840000 0.000000 
0.820000 0.000000 0.060000 0.120000 
0.050000 0.120000 0.710000 0.120000 

MOTIF model_2_filter_044 model_2_filter_044
letter-probability matrix: alength= 4 w= 13 nsites= 100
0.140000 0.410000 0.250000 0.200000 
0.200000 0.080000 0.080000 0.640000 
0.000000 0.050000 0.230000 0.720000 
0.000000 0.380000 0.450000 0.170000 
0.490000 0.120000 0.370000 0.020000 
0.080000 0.230000 0.670000 0.020000 
0.120000 0.670000 0.210000 0.000000 
0.020000 0.000000 0.980000 0.000000 
1.000000 0.000000 0.000000 0.000000 
0.020000 0.020000 0.000000 0.960000 
0.640000 0.070000 0.290000 0.000000 
0.040000 0.000000 0.000000 0.960000 
0.170000 0.080000 0.250000 0.500000 

MOTIF model_2_filter_045 model_2_filter_045
letter-probability matrix: alength= 4 w= 13 nsites= 100
0.180000 0.120000 0.130000 0.570000 
0.010000 0.520000 0.010000 0.460000 
0.260000 0.370000 0.070000 0.300000 
0.000000 0.000000 0.000000 1.000000 
0.000000 0.250000 0.400000 0.350000 
0.010000 0.000000 0.990000 0.000000 
0.000000 1.000000 0.000000 0.000000 
0.000000 0.000000 1.000000 0.000000 
0.070000 0.030000 0.000000 0.900000 
0.000000 0.110000 0.000000 0.890000 
0.530000 0.060000 0.020000 0.390000 
0.390000 0.110000 0.160000 0.340000 
0.110000 0.340000 0.200000 0.350000 

MOTIF model_2_filter_046 model_2_filter_046
letter-probability matrix: alength= 4 w= 13 nsites= 105
0.028571 0.371429 0.390476 0.209524 
0.438095 0.161905 0.323810 0.076190 
0.000000 0.323810 0.123810 0.552381 
0.285714 0.066667 0.580952 0.066667 
0.990476 0.000000 0.000000 0.009524 
0.028571 0.000000 0.028571 0.942857 
0.000000 0.038095 0.961905 0.000000 
1.000000 0.000000 0.000000 0.000000 
0.000000 0.000000 0.000000 1.000000 
0.000000 0.000000 1.000000 0.000000 
0.495238 0.095238 0.352381 0.057143 
0.314286 0.409524 0.219048 0.057143 
0.038095 0.095238 0.704762 0.161905 

MOTIF model_2_filter_047 model_2_filter_047
letter-probability matrix: alength= 4 w= 13 nsites= 100
0.390000 0.430000 0.020000 0.160000 
0.410000 0.370000 0.040000 0.180000 
0.570000 0.270000 0.020000 0.140000 
0.290000 0.330000 0.000000 0.380000 
0.000000 0.330000 0.150000 0.520000 
0.830000 0.170000 0.000000 0.000000 
0.000000 0.060000 0.940000 0.000000 
1.000000 0.000000 0.000000 0.000000 
0.030000 0.260000 0.710000 0.000000 
0.980000 0.000000 0.020000 0.000000 
0.040000 0.150000 0.810000 0.000000 
0.230000 0.640000 0.100000 0.030000 
0.650000 0.010000 0.070000 0.270000 

MOTIF model_2_filter_048 model_2_filter_048
letter-probability matrix: alength= 4 w= 13 nsites= 100
0.450000 0.190000 0.110000 0.250000 
0.820000 0.150000 0.000000 0.030000 
0.910000 0.030000 0.060000 0.000000 
0.040000 0.420000 0.010000 0.530000 
0.480000 0.010000 0.000000 0.510000 
0.760000 0.240000 0.000000 0.000000 
0.480000 0.000000 0.000000 0.520000 
0.000000 0.000000 0.000000 1.000000 
0.010000 0.000000 0.000000 0.990000 
0.800000 0.100000 0.000000 0.100000 
0.030000 0.010000 0.300000 0.660000 
0.370000 0.040000 0.000000 0.590000 
0.330000 0.100000 0.510000 0.060000 

MOTIF model_2_filter_049 model_2_filter_049
letter-probability matrix: alength= 4 w= 13 nsites= 100
0.110000 0.130000 0.620000 0.140000 
0.710000 0.010000 0.060000 0.220000 
0.220000 0.130000 0.190000 0.460000 
0.030000 0.010000 0.000000 0.960000 
0.270000 0.060000 0.570000 0.100000 
0.000000 0.240000 0.000000 0.760000 
0.170000 0.010000 0.110000 0.710000 
1.000000 0.000000 0.000000 0.000000 
0.000000 0.000000 0.000000 1.000000 
0.000000 0.000000 1.000000 0.000000 
0.050000 0.160000 0.410000 0.380000 
0.110000 0.010000 0.100000 0.780000 
0.200000 0.050000 0.250000 0.500000 

MOTIF model_2_filter_050 model_2_filter_050
letter-probability matrix: alength= 4 w= 13 nsites= 100
0.210000 0.090000 0.220000 0.480000 
0.280000 0.190000 0.420000 0.110000 
0.000000 0.170000 0.480000 0.350000 
0.150000 0.510000 0.000000 0.340000 
0.210000 0.000000 0.790000 0.000000 
0.030000 0.220000 0.030000 0.720000 
0.090000 0.870000 0.000000 0.040000 
0.010000 0.000000 0.990000 0.000000 
0.000000 0.000000 0.000000 1.000000 
0.100000 0.330000 0.490000 0.080000 
0.950000 0.010000 0.040000 0.000000 
0.890000 0.000000 0.020000 0.090000 
0.300000 0.250000 0.330000 0.120000 

MOTIF model_2_filter_051 model_2_filter_051
letter-probability matrix: alength= 4 w= 13 nsites= 100
0.050000 0.350000 0.140000 0.460000 
0.050000 0.430000 0.420000 0.100000 
0.100000 0.000000 0.060000 0.840000 
0.000000 0.390000 0.350000 0.260000 
0.020000 0.970000 0.000000 0.010000 
0.000000 0.000000 1.000000 0.000000 
0.000000 0.880000 0.000000 0.120000 
0.000000 0.040000 0.930000 0.030000 
0.000000 0.000000 0.000000 1.000000 
0.010000 0.240000 0.730000 0.020000 
0.000000 0.000000 0.000000 1.000000 
0.120000 0.330000 0.500000 0.050000 
0.270000 0.240000 0.050000 0.440000 

MOTIF model_2_filter_052 model_2_filter_052
letter-probability matrix: alength= 4 w= 13 nsites= 100
0.480000 0.110000 0.130000 0.280000 
0.620000 0.070000 0.030000 0.280000 
0.070000 0.600000 0.270000 0.060000 
0.000000 0.240000 0.080000 0.680000 
0.110000 0.000000 0.880000 0.010000 
0.010000 0.000000 0.990000 0.000000 
1.000000 0.000000 0.000000 0.000000 
0.790000 0.010000 0.200000 0.000000 
0.000000 1.000000 0.000000 0.000000 
0.150000 0.370000 0.460000 0.020000 
0.150000 0.310000 0.380000 0.160000 
0.050000 0.290000 0.490000 0.170000 
0.520000 0.400000 0.030000 0.050000 

MOTIF model_2_filter_053 model_2_filter_053
letter-probability matrix: alength= 4 w= 13 nsites= 100
0.200000 0.130000 0.470000 0.200000 
0.070000 0.730000 0.070000 0.130000 
0.020000 0.740000 0.240000 0.000000 
0.270000 0.040000 0.650000 0.040000 
0.000000 0.820000 0.070000 0.110000 
0.020000 0.980000 0.000000 0.000000 
1.000000 0.000000 0.000000 0.000000 
0.040000 0.100000 0.860000 0.000000 
0.000000 0.180000 0.820000 0.000000 
0.290000 0.310000 0.300000 0.100000 
0.120000 0.240000 0.540000 0.100000 
0.080000 0.370000 0.550000 0.000000 
0.410000 0.330000 0.110000 0.150000 

MOTIF model_2_filter_054 model_2_filter_054
letter-probability matrix: alength= 4 w= 13 nsites= 100
0.470000 0.220000 0.140000 0.170000 
0.000000 0.820000 0.110000 0.070000 
0.370000 0.070000 0.400000 0.160000 
0.100000 0.540000 0.300000 0.060000 
0.000000 0.040000 0.820000 0.140000 
0.060000 0.740000 0.200000 0.000000 
0.000000 0.170000 0.000000 0.830000 
0.100000 0.750000 0.000000 0.150000 
0.000000 0.000000 1.000000 0.000000 
0.000000 0.000000 0.000000 1.000000 
0.180000 0.020000 0.790000 0.010000 
0.410000 0.480000 0.050000 0.060000 
0.230000 0.160000 0.550000 0.060000 

MOTIF model_2_filter_055 model_2_filter_055
letter-probability matrix: alength= 4 w= 13 nsites= 100
0.310000 0.360000 0.230000 0.100000 
0.010000 0.350000 0.620000 0.020000 
0.120000 0.090000 0.280000 0.510000 
0.000000 0.000000 0.940000 0.060000 
0.500000 0.070000 0.100000 0.330000 
0.590000 0.100000 0.250000 0.060000 
0.000000 0.990000 0.000000 0.010000 
0.040000 0.000000 0.010000 0.950000 
0.000000 0.920000 0.000000 0.080000 
0.730000 0.010000 0.130000 0.130000 
0.890000 0.000000 0.110000 0.000000 
0.870000 0.000000 0.110000 0.020000 
0.340000 0.170000 0.340000 0.150000 

MOTIF model_2_filter_056 model_2_filter_056
letter-probability matrix: alength= 4 w= 13 nsites= 100
0.120000 0.160000 0.640000 0.080000 
0.400000 0.340000 0.170000 0.090000 
0.040000 0.010000 0.950000 0.000000 
0.010000 0.760000 0.220000 0.010000 
0.000000 0.030000 0.860000 0.110000 
0.690000 0.070000 0.000000 0.240000 
0.000000 0.000000 0.820000 0.180000 
0.040000 0.630000 0.130000 0.200000 
0.010000 0.010000 0.970000 0.010000 
0.040000 0.470000 0.050000 0.440000 
0.000000 0.000000 0.810000 0.190000 
0.050000 0.000000 0.000000 0.950000 
0.030000 0.030000 0.480000 0.460000 

MOTIF model_2_filter_057 model_2_filter_057
letter-probability matrix: alength= 4 w= 13 nsites= 100
0.300000 0.230000 0.130000 0.340000 
0.120000 0.290000 0.140000 0.450000 
0.220000 0.000000 0.010000 0.770000 
0.560000 0.440000 0.000000 0.000000 
0.840000 0.060000 0.100000 0.000000 
0.680000 0.100000 0.000000 0.220000 
0.000000 0.090000 0.910000 0.000000 
1.000000 0.000000 0.000000 0.000000 
0.510000 0.040000 0.450000 0.000000 
0.820000 0.160000 0.000000 0.020000 
0.000000 1.000000 0.000000 0.000000 
0.620000 0.310000 0.020000 0.050000 
0.110000 0.310000 0.500000 0.080000 

MOTIF model_2_filter_058 model_2_filter_058
letter-probability matrix: alength= 4 w= 13 nsites= 100
0.400000 0.370000 0.110000 0.120000 
0.880000 0.090000 0.010000 0.020000 
0.120000 0.090000 0.760000 0.030000 
0.000000 0.630000 0.020000 0.350000 
0.990000 0.010000 0.000000 0.000000 
0.010000 0.720000 0.030000 0.240000 
0.930000 0.000000 0.000000 0.070000 
0.000000 0.000000 1.000000 0.000000 
0.010000 0.830000 0.120000 0.040000 
0.270000 0.000000 0.070000 0.660000 
0.050000 0.370000 0.520000 0.060000 
0.230000 0.630000 0.020000 0.120000 
0.400000 0.020000 0.230000 0.350000 

MOTIF model_2_filter_059 model_2_filter_059
letter-probability matrix: alength= 4 w= 13 nsites= 100
0.030000 0.160000 0.170000 0.640000 
0.010000 0.720000 0.080000 0.190000 
0.400000 0.450000 0.080000 0.070000 
0.030000 0.750000 0.020000 0.200000 
0.010000 0.500000 0.410000 0.080000 
0.500000 0.450000 0.010000 0.040000 
0.030000 0.460000 0.050000 0.460000 
0.000000 1.000000 0.000000 0.000000 
0.000000 0.920000 0.020000 0.060000 
0.000000 0.600000 0.360000 0.040000 
0.000000 1.000000 0.000000 0.000000 
0.030000 0.430000 0.340000 0.200000 
0.050000 0.230000 0.380000 0.340000 

MOTIF model_2_filter_060 model_2_filter_060
letter-probability matrix: alength= 4 w= 13 nsites= 101
0.178218 0.346535 0.089109 0.386139 
0.237624 0.306931 0.217822 0.237624 
0.277228 0.138614 0.019802 0.564356 
0.039604 0.900990 0.029703 0.029703 
0.000000 0.000000 0.069307 0.930693 
0.000000 0.801980 0.198020 0.000000 
0.000000 1.000000 0.000000 0.000000 
0.881188 0.009901 0.039604 0.069307 
0.148515 0.009901 0.762376 0.079208 
0.000000 0.990099 0.000000 0.009901 
0.900990 0.099010 0.000000 0.000000 
0.019802 0.198020 0.059406 0.722772 
0.049505 0.445545 0.306931 0.198020 

MOTIF model_2_filter_061 model_2_filter_061
letter-probability matrix: alength= 4 w= 13 nsites= 100
0.220000 0.390000 0.120000 0.270000 
0.670000 0.140000 0.190000 0.000000 
0.690000 0.020000 0.060000 0.230000 
0.950000 0.000000 0.000000 0.050000 
0.010000 0.000000 0.000000 0.990000 
0.000000 0.000000 0.560000 0.440000 
0.000000 0.000000 1.000000 0.000000 
0.530000 0.060000 0.410000 0.000000 
0.450000 0.180000 0.350000 0.020000 
0.740000 0.080000 0.170000 0.010000 
0.000000 0.670000 0.250000 0.080000 
0.210000 0.430000 0.330000 0.030000 
0.120000 0.040000 0.510000 0.330000 

MOTIF model_2_filter_062 model_2_filter_062
letter-probability matrix: alength= 4 w= 13 nsites= 100
0.020000 0.230000 0.340000 0.410000 
0.030000 0.140000 0.640000 0.190000 
0.780000 0.000000 0.120000 0.100000 
0.060000 0.210000 0.150000 0.580000 
0.230000 0.000000 0.000000 0.770000 
0.000000 0.000000 0.870000 0.130000 
0.020000 0.950000 0.000000 0.030000 
0.060000 0.020000 0.070000 0.850000 
0.000000 0.090000 0.910000 0.000000 
0.910000 0.090000 0.000000 0.000000 
0.040000 0.590000 0.040000 0.330000 
0.070000 0.390000 0.260000 0.280000 
0.110000 0.090000 0.190000 0.610000 

MOTIF model_2_filter_063 model_2_filter_063
letter-probability matrix: alength= 4 w= 13 nsites= 100
0.110000 0.160000 0.510000 0.220000 
0.450000 0.040000 0.070000 0.440000 
0.190000 0.000000 0.430000 0.380000 
0.080000 0.570000 0.100000 0.250000 
0.000000 0.000000 0.000000 1.000000 
0.830000 0.170000 0.000000 0.000000 
0.780000 0.100000 0.040000 0.080000 
0.690000 0.000000 0.000000 0.310000 
1.000000 0.000000 0.000000 0.000000 
0.080000 0.000000 0.880000 0.040000 
0.090000 0.880000 0.000000 0.030000 
0.090000 0.120000 0.590000 0.200000 
0.550000 0.050000 0.070000 0.330000 

MOTIF model_2_filter_064 model_2_filter_064
letter-probability matrix: alength= 4 w= 13 nsites= 100
0.730000 0.040000 0.130000 0.100000 
0.010000 0.400000 0.050000 0.540000 
0.000000 0.100000 0.000000 0.900000 
0.750000 0.070000 0.070000 0.110000 
0.620000 0.000000 0.380000 0.000000 
0.000000 0.210000 0.000000 0.790000 
0.150000 0.150000 0.360000 0.340000 
0.010000 0.000000 0.120000 0.870000 
0.170000 0.110000 0.570000 0.150000 
0.000000 1.000000 0.000000 0.000000 
0.950000 0.000000 0.050000 0.000000 
0.250000 0.030000 0.570000 0.150000 
0.340000 0.350000 0.080000 0.230000 

MOTIF model_2_filter_065 model_2_filter_065
letter-probability matrix: alength= 4 w= 13 nsites= 101
0.118812 0.267327 0.227723 0.386139 
0.079208 0.039604 0.009901 0.871287 
0.019802 0.049505 0.059406 0.871287 
0.257426 0.198020 0.029703 0.514851 
0.128713 0.009901 0.089109 0.772277 
0.079208 0.772277 0.009901 0.138614 
0.000000 0.000000 0.168317 0.831683 
0.089109 0.009901 0.891089 0.009901 
0.000000 0.019802 0.980198 0.000000 
1.000000 0.000000 0.000000 0.000000 
0.029703 0.188119 0.019802 0.762376 
0.079208 0.009901 0.495050 0.415842 
0.069307 0.059406 0.059406 0.811881 

MOTIF model_2_filter_066 model_2_filter_066
letter-probability matrix: alength= 4 w= 13 nsites= 100
0.280000 0.240000 0.380000 0.100000 
0.840000 0.060000 0.000000 0.100000 
0.070000 0.430000 0.290000 0.210000 
0.410000 0.520000 0.000000 0.070000 
0.070000 0.540000 0.040000 0.350000 
0.000000 0.380000 0.000000 0.620000 
0.780000 0.000000 0.000000 0.220000 
0.000000 0.950000 0.050000 0.000000 
0.800000 0.160000 0.040000 0.000000 
0.010000 0.050000 0.940000 0.000000 
1.000000 0.000000 0.000000 0.000000 
0.030000 0.040000 0.920000 0.010000 
0.360000 0.310000 0.220000 0.110000 

MOTIF model_2_filter_067 model_2_filter_067
letter-probability matrix: alength= 4 w= 13 nsites= 100
0.160000 0.450000 0.200000 0.190000 
0.340000 0.150000 0.510000 0.000000 
0.040000 0.130000 0.390000 0.440000 
0.060000 0.630000 0.310000 0.000000 
0.440000 0.020000 0.510000 0.030000 
0.000000 0.000000 0.710000 0.290000 
0.000000 0.010000 0.990000 0.000000 
0.000000 0.580000 0.420000 0.000000 
0.000000 0.240000 0.040000 0.720000 
0.020000 0.000000 0.960000 0.020000 
0.010000 0.310000 0.620000 0.060000 
0.120000 0.200000 0.490000 0.190000 
0.060000 0.000000 0.810000 0.130000 

MOTIF model_2_filter_068 model_2_filter_068
letter-probability matrix: alength= 4 w= 13 nsites= 100
0.200000 0.520000 0.040000 0.240000 
0.030000 0.280000 0.610000 0.080000 
0.960000 0.020000 0.000000 0.020000 
0.400000 0.040000 0.030000 0.530000 
0.960000 0.000000 0.000000 0.040000 
