MEME version 4

ALPHABET= ACGU

strands: +

Background letter frequencies
A 0.25 C 0.25 G 0.25 U 0.25

MOTIF aug_cluster_02 aug_cluster_02
letter-probability matrix: alength= 4 w= 12
0.248588 0.212516 0.301608 0.237288 
0.219641 0.108203 0.553073 0.119083 
0.199353 0.271979 0.182005 0.346663 
0.285798 0.409879 0.178771 0.125551 
0.755366 0.038812 0.192884 0.012937 
0.493090 0.135548 0.149956 0.221405 
0.185240 0.281682 0.400176 0.132902 
0.983240 0.002646 0.011467 0.002646 
0.009409 0.000882 0.005587 0.984122 
0.000294 0.001176 0.993531 0.004999 
0.146428 0.068803 0.645692 0.139077 
0.300206 0.400176 0.207880 0.091738 

MOTIF aug_cluster_03 aug_cluster_03
letter-probability matrix: alength= 4 w= 7
0.182773 0.500000 0.222689 0.094538 
0.954307 0.028361 0.014181 0.003151 
0.010504 0.006828 0.004727 0.977941 
0.001576 0.011555 0.965336 0.021534 
0.055672 0.095588 0.707458 0.141282 
0.237920 0.586660 0.075630 0.099790 
0.096639 0.263130 0.339286 0.300945 

MOTIF aug_cluster_09 aug_cluster_09
letter-probability matrix: alength= 4 w= 8
0.209530 0.317982 0.358852 0.113636 
0.873804 0.030303 0.069378 0.026515 
0.076356 0.048644 0.123405 0.751595 
0.031499 0.039075 0.908094 0.021332 
0.784490 0.128589 0.065789 0.021132 
0.039075 0.045654 0.048246 0.867026 
0.022727 0.018541 0.918262 0.040470 
0.335925 0.124003 0.307416 0.232656 

MOTIF aug_cluster_11 aug_cluster_11
letter-probability matrix: alength= 4 w= 11
0.299080 0.230708 0.151539 0.318673 
0.553778 0.061575 0.289484 0.095162 
0.263894 0.227909 0.136345 0.371851 
0.472611 0.135946 0.252699 0.138745 
0.988005 0.001599 0.008397 0.001999 
0.002799 0.010396 0.000000 0.986805 
0.014794 0.000000 0.985206 0.000000 
0.234306 0.071971 0.397841 0.295882 
0.652539 0.186325 0.105158 0.055978 
0.193523 0.074370 0.199920 0.532187 
0.247501 0.200320 0.259096 0.293083 

MOTIF aug_cluster_13 aug_cluster_13
letter-probability matrix: alength= 4 w= 9
0.288571 0.275714 0.125238 0.310476 
0.123810 0.036190 0.792857 0.047143 
0.140476 0.250476 0.309524 0.299524 
0.160952 0.314286 0.420000 0.104762 
0.986190 0.005714 0.008095 0.000000 
0.000476 0.003810 0.017143 0.978571 
0.007619 0.009048 0.982857 0.000476 
0.068571 0.121429 0.600000 0.210000 
0.266190 0.282381 0.273810 0.177619 

MOTIF nonaug_cluster_002 nonaug_cluster_002
letter-probability matrix: alength= 4 w= 14
0.185866 0.243816 0.072792 0.497527 
0.096992 0.551880 0.138346 0.212782 
0.096617 0.240977 0.050376 0.612030 
0.051504 0.730827 0.049248 0.168421 
0.068797 0.209774 0.037218 0.684211 
0.030075 0.910526 0.024436 0.034962 
0.032707 0.144737 0.012782 0.809774 
0.032707 0.883459 0.034211 0.049624 
0.037218 0.215038 0.019549 0.728195 
0.039098 0.886090 0.016917 0.057895 
0.060902 0.418421 0.035338 0.485338 
0.112782 0.727068 0.071053 0.089098 
0.134586 0.301504 0.147368 0.416541 
0.124498 0.536546 0.114056 0.224900 

MOTIF nonaug_cluster_016 nonaug_cluster_016
letter-probability matrix: alength= 4 w= 13
0.290000 0.220769 0.358462 0.130769 
0.124375 0.125625 0.612500 0.137500 
0.098125 0.090000 0.755625 0.056250 
0.373750 0.255625 0.283125 0.087500 
0.243750 0.084375 0.584375 0.087500 
0.054375 0.036875 0.844375 0.064375 
0.199375 0.063125 0.666875 0.070625 
0.195625 0.087500 0.638125 0.078750 
0.034375 0.035625 0.890000 0.040000 
0.120625 0.055000 0.730625 0.093750 
0.168125 0.115000 0.583125 0.133750 
0.218125 0.089375 0.542500 0.150000 
0.257273 0.133636 0.413636 0.195455 

MOTIF nonaug_cluster_013 nonaug_cluster_013
letter-probability matrix: alength= 4 w= 14
0.040000 0.250000 0.590000 0.120000 
0.252912 0.128120 0.211314 0.407654 
0.092120 0.126526 0.559378 0.221976 
0.082131 0.264151 0.237514 0.416204 
0.296337 0.147614 0.502775 0.053274 
0.145394 0.077691 0.245283 0.531632 
0.064373 0.003330 0.906770 0.025527 
0.000000 0.002220 0.022198 0.975583 
0.023307 0.053274 0.875694 0.047725 
0.015538 0.061043 0.143174 0.780244 
0.005549 0.009989 0.816870 0.167592 
0.014428 0.179800 0.127636 0.678135 
0.013319 0.113208 0.749168 0.124306 
0.106117 0.131086 0.342072 0.420724 

MOTIF nonaug_cluster_003 nonaug_cluster_003
letter-probability matrix: alength= 4 w= 12
0.420965 0.146423 0.128120 0.304493 
0.171381 0.086522 0.196339 0.545757 
0.311148 0.043261 0.059900 0.585691 
0.006656 0.021631 0.029950 0.941764 
0.347754 0.003328 0.018303 0.630616 
0.083195 0.000000 0.329451 0.587354 
0.151414 0.004992 0.000000 0.843594 
0.091514 0.013311 0.034942 0.860233 
0.029950 0.292845 0.026622 0.650582 
0.116473 0.011647 0.013311 0.858569 
0.094842 0.031614 0.078203 0.795341 
0.154613 0.119701 0.211970 0.513716 

MOTIF nonaug_cluster_005 nonaug_cluster_005
letter-probability matrix: alength= 4 w= 12
0.281034 0.480172 0.085345 0.153448 
0.604310 0.162931 0.026724 0.206034 
0.356034 0.505172 0.031034 0.107759 
0.953448 0.015517 0.000000 0.031034 
0.104310 0.818103 0.018103 0.059483 
0.983621 0.000000 0.012931 0.003448 
0.028448 0.834483 0.030172 0.106897 
0.659483 0.029310 0.175862 0.135345 
0.047414 0.621552 0.295690 0.035345 
0.817241 0.046552 0.031034 0.105172 
0.220690 0.411207 0.268966 0.099138 
0.730000 0.160000 0.100000 0.010000 

MOTIF nonaug_cluster_007 nonaug_cluster_007
letter-probability matrix: alength= 4 w= 11
0.305000 0.086667 0.336667 0.271667 
0.283333 0.118333 0.038333 0.560000 
0.153333 0.060000 0.648333 0.138333 
0.031667 0.085000 0.000000 0.883333 
0.031667 0.003333 0.008333 0.956667 
0.003333 0.001667 0.031667 0.963333 
0.113333 0.028333 0.175000 0.683333 
0.928333 0.041667 0.030000 0.000000 
0.040000 0.061667 0.438333 0.460000 
0.388333 0.141667 0.045000 0.425000 
0.298333 0.213333 0.090000 0.398333 

MOTIF nonaug_cluster_011 nonaug_cluster_011
letter-probability matrix: alength= 4 w= 12
0.358333 0.166667 0.303333 0.171667 
0.086667 0.115000 0.136667 0.661667 
0.190000 0.138333 0.490000 0.181667 
0.080000 0.058333 0.031667 0.830000 
0.143333 0.125000 0.486667 0.245000 
0.000000 0.116667 0.000000 0.883333 
0.108333 0.003333 0.816667 0.071667 
0.050000 0.038333 0.015000 0.896667 
0.028333 0.070000 0.051667 0.850000 
0.010000 0.023333 0.083333 0.883333 
0.111667 0.035000 0.311667 0.541667 
0.163333 0.340000 0.386667 0.110000 

MOTIF nonaug_cluster_015 nonaug_cluster_015
letter-probability matrix: alength= 4 w= 16
0.250000 0.280000 0.400000 0.070000 
0.160000 0.250000 0.563333 0.026667 
0.130000 0.630000 0.176667 0.063333 
0.058000 0.212000 0.714000 0.016000 
0.074000 0.086000 0.798000 0.042000 
0.084000 0.648000 0.232000 0.036000 
0.042000 0.642000 0.212000 0.104000 
0.084000 0.210000 0.634000 0.072000 
0.004000 0.098000 0.864000 0.034000 
0.020000 0.310000 0.608000 0.062000 
0.084000 0.448000 0.452000 0.016000 
0.064000 0.064000 0.738000 0.134000 
0.068000 0.118000 0.766000 0.048000 
0.227500 0.262500 0.410000 0.100000 
0.105000 0.485000 0.395000 0.015000 
0.170000 0.270000 0.330000 0.230000 

MOTIF nonaug_cluster_023 nonaug_cluster_023
letter-probability matrix: alength= 4 w= 14
0.190000 0.540000 0.040000 0.230000 
0.386000 0.146000 0.222000 0.246000 
0.148000 0.098000 0.266000 0.488000 
0.058000 0.694000 0.118000 0.130000 
0.024000 0.008000 0.938000 0.030000 
0.006000 0.606000 0.216000 0.172000 
0.000000 0.000000 0.000000 1.000000 
0.050000 0.010000 0.900000 0.040000 
0.016000 0.036000 0.094000 0.854000 
0.200000 0.018000 0.386000 0.396000 
0.058000 0.070000 0.242000 0.630000 
0.166000 0.052000 0.094000 0.688000 
0.128000 0.068000 0.298000 0.506000 
0.342500 0.102500 0.227500 0.327500 

MOTIF nonaug_cluster_030 nonaug_cluster_030
letter-probability matrix: alength= 4 w= 12
0.250000 0.302000 0.264000 0.184000 
0.050000 0.718333 0.021667 0.210000 
0.075000 0.193333 0.178333 0.553333 
0.028333 0.781667 0.111667 0.078333 
0.021667 0.826667 0.065000 0.086667 
0.008333 0.053333 0.011667 0.926667 
0.000000 0.933333 0.063333 0.003333 
0.093333 0.813333 0.028333 0.065000 
0.205000 0.295000 0.206667 0.293333 
0.060000 0.755000 0.118333 0.066667 
0.120000 0.616667 0.160000 0.103333 
0.146667 0.151667 0.203333 0.498333 

MOTIF nonaug_cluster_154 nonaug_cluster_154
letter-probability matrix: alength= 4 w= 12
0.274000 0.188000 0.270000 0.268000 
0.166000 0.054000 0.166000 0.614000 
0.000000 0.912000 0.024000 0.064000 
0.834000 0.006000 0.028000 0.132000 
0.000000 0.202000 0.788000 0.010000 
0.048000 0.934000 0.004000 0.014000 
0.002000 0.018000 0.042000 0.938000 
0.010000 0.082000 0.902000 0.006000 
0.384000 0.440000 0.110000 0.066000 
0.416000 0.074000 0.474000 0.036000 
0.134000 0.414000 0.400000 0.052000 
0.240000 0.160000 0.208000 0.392000 

